10,SI266220200309225433,10,787,
58,SI266220200309225433,10,4,
53,SI266220200309225433,5,129,
138,SI266220200309225433,10,26,(19,163,5)
154,SI266220200309225433,10,26,(34,253,5)
186,SI266220200309225433,10,1,(21,251,5)
218,SI266220200309225433,10,85,(32,337,5)
234,SI266220200309225433,10,39,(34,251,5)
282,SI266220200309225433,10,4,(33,252,5)
298,SI266220200309225433,10,13,(16,168,5)
309,SI266220200309225433,5,16,
314,SI266220200309225433,10,85,(18,157,5)
330,SI266220200309225433,10,67,(32,251,5)
357,SI266220200309225433,5,1,(391,415,5)
394,SI266220200309225433,10,141,(35,290,5)
410,SI266220200309225433,10,86,(34,251,5)
442,SI266220200309225433,10,8,(26,185,5)
458,SI266220200309225433,10,3,(31,248,5)
474,SI266220200309225433,10,110,(29,339,5)
469,SI266220200309225433,5,1,(252,379,5)
490,SI266220200309225433,10,96,(20,156,5)
506,SI266220200309225433,10,46,(34,253,5)
570,SI266220200309225433,10,147,(34,338,5)
586,SI266220200309225433,10,72,(34,253,5)
618,SI266220200309225433,10,2,(214,476,5)
650,SI266220200309225433,10,121,(21,237,5)
666,SI266220200309225433,10,66,(70,296,5)
714,SI266220200309225433,10,12,(32,250,5)
730,SI266220200309225433,10,64,(23,270,5)
741,SI266220200309225433,5,50,(442,407,5)
746,SI266220200309225433,10,77,(18,155,5)
762,SI266220200309225433,10,54,(30,251,5)
778,SI266220200309225433,10,13,(29,272,5)
826,SI266220200309225433,10,129,(22,198,5)
842,SI266220200309225433,10,85,(33,251,5)
874,SI266220200309225433,10,136,(31,174,5)
906,SI266220200309225433,10,137,(21,199,5)
922,SI266220200309225433,10,69,(33,254,5)
970,SI266220200309225433,10,7,(32,252,5)
986,SI266220200309225433,10,27,(29,339,5)
1002,SI266220200309225433,10,73,(20,192,5)
1018,SI266220200309225433,10,64,(32,251,5)
1082,SI266220200309225433,10,134,(32,338,5)
1098,SI266220200309225433,10,81,(34,253,5)
1130,SI266220200309225433,10,15,(26,232,5)
1162,SI266220200309225433,10,124,(24,236,5)
1178,SI266220200309225433,10,54,(22,182,5)
1194,SI266220200309225433,10,35,(35,252,5)
1210,SI266220200309225433,10,9,(33,266,5)
1258,SI266220200309225433,10,142,(35,335,5)
1274,SI266220200309225433,10,66,(34,251,5)
1290,SI266220200309225433,10,2,(26,254,5)
1306,SI266220200309225433,10,8,(55,242,5)
1338,SI266220200309225433,10,148,(25,198,5)
1354,SI266220200309225433,10,71,(35,254,5)
1418,SI266220200309225433,10,82,(28,269,5)
1434,SI266220200309225433,10,58,(16,168,5)
1450,SI266220200309225433,10,43,(26,251,5)
1514,SI266220200309225433,10,179,(33,338,5)
1530,SI266220200309225433,10,82,(36,253,5)
1562,SI266220200309225433,10,3,(29,206,5)
1594,SI266220200309225433,10,130,(31,339,5)
1610,SI266220200309225433,10,45,(34,251,5)
1658,SI266220200309225433,10,3,(32,251,5)
1674,SI266220200309225433,10,13,(14,169,5)
1690,SI266220200309225433,10,73,(17,161,5)
1706,SI266220200309225433,10,52,(35,254,5)
1770,SI266220200309225433,10,121,(31,306,5)
1786,SI266220200309225433,10,71,(39,256,5)
1818,SI266220200309225433,10,85,(26,142,5)
1850,SI266220200309225433,10,89,(17,166,5)
1866,SI266220200309225433,10,41,(105,231,5)
1882,SI266220200309225433,10,31,(35,251,5)
1946,SI266220200309225433,10,180,(34,338,5)
1962,SI266220200309225433,10,80,(34,252,5)
2026,SI266220200309225433,10,107,(31,301,5)
2042,SI266220200309225433,10,70,(33,252,5)
2074,SI266220200309225433,10,48,(38,306,5)
2106,SI266220200309225433,10,66,(16,203,5)
2122,SI266220200309225433,10,242,(77,85,5)
2138,SI266220200309225433,10,50,(31,252,5)
2154,SI266220200309225433,10,1,(7,119,5)
2202,SI266220200309225433,10,147,(31,300,5)
2218,SI266220200309225433,10,81,(31,251,5)
2250,SI266220200309225433,10,41,(19,156,5)
2282,SI266220200309225433,10,132,(29,304,5)
2298,SI266220200309225433,10,57,(32,251,5)
2346,SI266220200309225433,10,9,(30,251,5)
2362,SI266220200309225433,10,17,(31,338,5)
2378,SI266220200309225433,10,91,(17,154,5)
2394,SI266220200309225433,10,72,(33,252,5)
2458,SI266220200309225433,10,112,(13,320,5)
2474,SI266220200309225433,10,53,(15,253,5)
2506,SI266220200309225433,10,9,(15,217,5)
2538,SI266220200309225433,10,104,(13,234,5)
2554,SI266220200309225433,10,15,(10,252,5)
2570,SI266220200309225433,10,16,(10,252,5)
2602,SI266220200309225433,10,10,(5,247,5)
2634,SI266220200309225433,10,120,(17,198,5)
2650,SI266220200309225433,10,69,(5,253,5)
2714,SI266220200309225433,10,199,(3,338,5)
2730,SI266220200309225433,10,72,(8,251,5)
2794,SI266220200309225433,10,83,(14,269,5)
2810,SI266220200309225433,10,65,(18,165,5)
2826,SI266220200309225433,10,52,(3,251,5)
2858,SI266220200309225433,10,58,(8,251,5)
2890,SI266220200309225433,10,135,(12,302,5)
2906,SI266220200309225433,10,82,(8,251,5)
2938,SI266220200309225433,10,1,(11,232,5)
2970,SI266220200309225433,10,141,(11,302,5)
2986,SI266220200309225433,10,63,(10,253,5)
