batch_id,print_id,tile_id,saturated,centroids
7,SI266220200309225433,7,4555,
23,SI266220200309225433,7,298,
39,SI266220200309225433,7,113,(125,41,5)
9,SI266220200309225433,9,1712,
55,SI266220200309225433,7,2895,(181,39,5)
57,SI266220200309225433,9,358,
71,SI266220200309225433,7,91,(97,103,5)
87,SI266220200309225433,7,727,(169,102,5)
103,SI266220200309225433,7,3084,(177,35,5)
105,SI266220200309225433,9,6,(486,141,5)
135,SI266220200309225433,7,918,(94,13,5)
151,SI266220200309225433,7,265,(97,37,5)
153,SI266220200309225433,9,6,(499,92,5)
167,SI266220200309225433,7,72,(182,41,5)
169,SI266220200309225433,9,7,(485,59,5)
183,SI266220200309225433,7,1080,(184,39,5)
199,SI266220200309225433,7,280,(120,40,5)
201,SI266220200309225433,9,19,(471,104,5)
215,SI266220200309225433,7,246,(129,102,5)
217,SI266220200309225433,9,15,(488,77,5)
231,SI266220200309225433,7,1320,(94,10,5)
233,SI266220200309225433,9,70,(444,163,5)
247,SI266220200309225433,7,36,(95,39,5)
249,SI266220200309225433,9,40,(485,61,5)
263,SI266220200309225433,7,421,(112,290,5)
265,SI266220200309225433,9,61,(474,96,5)
279,SI266220200309225433,7,586,(103,17,5)
281,SI266220200309225433,9,95,(446,265,5)
297,SI266220200309225433,9,21,(475,59,5)
295,SI266220200309225433,7,189,(130,26,5)
311,SI266220200309225433,7,1444,(128,10,5)
329,SI266220200309225433,9,56,(485,60,5)
327,SI266220200309225433,7,368,(93,30,5)
343,SI266220200309225433,7,352,(151,115,5)
345,SI266220200309225433,9,109,(449,253,5)
359,SI266220200309225433,7,3387,(180,42,5)
361,SI266220200309225433,9,78,(446,264,5)
377,SI266220200309225433,9,51,(447,304,5)
375,SI266220200309225433,7,360,(124,111,5)
391,SI266220200309225433,7,426,(173,45,5)
407,SI266220200309225433,7,766,(166,7,5)
409,SI266220200309225433,9,47,(486,57,5)
425,SI266220200309225433,9,49,(463,174,5)
423,SI266220200309225433,7,78,(107,216,5)
439,SI266220200309225433,7,2688,(130,227,5)
441,SI266220200309225433,9,17,(447,251,5)
457,SI266220200309225433,9,146,(448,236,5)
455,SI266220200309225433,7,607,(126,40,5)
471,SI266220200309225433,7,450,(119,266,5)
473,SI266220200309225433,9,34,(480,58,5)
487,SI266220200309225433,7,1821,(137,22,5)
503,SI266220200309225433,7,271,(94,36,5)
505,SI266220200309225433,9,52,(483,59,5)
521,SI266220200309225433,9,59,(479,59,5)
519,SI266220200309225433,7,717,(125,276,5)
537,SI266220200309225433,9,151,(447,230,5)
535,SI266220200309225433,7,1022,(93,5,5)
551,SI266220200309225433,7,203,(134,256,5)
553,SI266220200309225433,9,42,(481,57,5)
567,SI266220200309225433,7,1776,(163,36,5)
569,SI266220200309225433,9,13,(482,250,5)
585,SI266220200309225433,9,70,(454,283,5)
583,SI266220200309225433,7,535,(100,25,5)
601,SI266220200309225433,9,115,(482,58,5)
599,SI266220200309225433,7,337,(154,128,5)
615,SI266220200309225433,7,3269,(194,138,5)
617,SI266220200309225433,9,53,(445,198,5)
633,SI266220200309225433,9,131,(447,163,5)
631,SI266220200309225433,7,674,(161,269,5)
647,SI266220200309225433,7,552,(132,419,5)
649,SI266220200309225433,9,26,(479,57,5)
665,SI266220200309225433,9,36,(479,81,5)
663,SI266220200309225433,7,542,(185,14,5)
681,SI266220200309225433,9,77,(483,56,5)
679,SI266220200309225433,7,49,(101,69,5)
695,SI266220200309225433,7,1195,(111,84,5)
697,SI266220200309225433,9,44,(447,252,5)
711,SI266220200309225433,7,861,(105,37,5)
713,SI266220200309225433,9,128,(447,298,5)
727,SI266220200309225433,7,490,(110,174,5)
729,SI266220200309225433,9,44,(484,56,5)
745,SI266220200309225433,9,59,(471,81,5)
743,SI266220200309225433,7,1269,(184,36,5)
759,SI266220200309225433,7,415,(92,36,5)
761,SI266220200309225433,9,63,(446,339,5)
775,SI266220200309225433,7,456,(113,101,5)
777,SI266220200309225433,9,92,(478,97,5)
793,SI266220200309225433,9,109,(456,314,5)
791,SI266220200309225433,7,1902,(161,33,5)
809,SI266220200309225433,9,45,(481,58,5)
807,SI266220200309225433,7,169,(159,17,5)
823,SI266220200309225433,7,509,(112,317,5)
841,SI266220200309225433,9,44,(486,59,5)
839,SI266220200309225433,7,1246,(141,9,5)
857,SI266220200309225433,9,79,(446,251,5)
855,SI266220200309225433,7,367,(130,38,5)
871,SI266220200309225433,7,2464,(172,125,5)
873,SI266220200309225433,9,15,(445,252,5)
889,SI266220200309225433,9,123,(447,233,5)
887,SI266220200309225433,7,622,(95,40,5)
905,SI266220200309225433,9,32,(479,58,5)
903,SI266220200309225433,7,471,(147,151,5)
919,SI266220200309225433,7,2046,(120,12,5)
921,SI266220200309225433,9,8,(489,112,5)
935,SI266220200309225433,7,65,(97,123,5)
937,SI266220200309225433,9,44,(485,56,5)
953,SI266220200309225433,9,55,(468,135,5)
951,SI266220200309225433,7,665,(112,229,5)
969,SI266220200309225433,9,133,(446,296,5)
967,SI266220200309225433,7,1435,(161,35,5)
983,SI266220200309225433,7,462,(157,16,5)
985,SI266220200309225433,9,32,(485,56,5)
999,SI266220200309225433,7,1802,(184,39,5)
1017,SI266220200309225433,9,67,(487,62,5)
1015,SI266220200309225433,7,426,(93,24,5)
1031,SI266220200309225433,7,395,(162,244,5)
1033,SI266220200309225433,9,123,(469,135,5)
1047,SI266220200309225433,7,3693,(178,42,5)
1049,SI266220200309225433,9,78,(446,296,5)
1063,SI266220200309225433,7,414,(105,42,5)
1065,SI266220200309225433,9,61,(447,337,5)
1079,SI266220200309225433,7,509,(91,371,5)
1097,SI266220200309225433,9,42,(486,61,5)
1095,SI266220200309225433,7,468,(185,4,5)
1111,SI266220200309225433,7,878,(93,39,5)
1113,SI266220200309225433,9,66,(446,252,5)
1129,SI266220200309225433,9,20,(449,251,5)
1127,SI266220200309225433,7,3322,(93,36,5)
1145,SI266220200309225433,9,148,(446,266,5)
1143,SI266220200309225433,7,753,(122,41,5)
1159,SI266220200309225433,7,585,(137,230,5)
1161,SI266220200309225433,9,40,(481,58,5)
1175,SI266220200309225433,7,1472,(183,39,5)
1191,SI266220200309225433,7,690,(93,38,5)
1193,SI266220200309225433,9,79,(399,136,5)
1207,SI266220200309225433,7,739,(108,278,5)
1209,SI266220200309225433,9,117,(476,95,5)
1225,SI266220200309225433,9,119,(447,335,5)
1223,SI266220200309225433,7,1059,(93,9,5)
1239,SI266220200309225433,7,277,(106,387,5)
1241,SI266220200309225433,9,41,(481,58,5)
1257,SI266220200309225433,9,2,(448,252,5)
1255,SI266220200309225433,7,1092,(184,33,5)
1273,SI266220200309225433,9,63,(446,203,5)
1271,SI266220200309225433,7,884,(106,103,5)
1287,SI266220200309225433,7,296,(162,89,5)
1289,SI266220200309225433,9,85,(484,59,5)
1303,SI266220200309225433,7,3854,(180,38,5)
1305,SI266220200309225433,9,47,(447,157,5)
1319,SI266220200309225433,7,559,(108,41,5)
1321,SI266220200309225433,9,94,(449,234,5)
1335,SI266220200309225433,7,562,(157,44,5)
1337,SI266220200309225433,9,3,(448,252,5)
1353,SI266220200309225433,9,27,(487,54,5)
1351,SI266220200309225433,7,568,(185,20,5)
1367,SI266220200309225433,7,27,(120,115,5)
1369,SI266220200309225433,9,59,(487,59,5)
1385,SI266220200309225433,9,35,(447,255,5)
1383,SI266220200309225433,7,836,(148,166,5)
1401,SI266220200309225433,9,123,(447,265,5)
1399,SI266220200309225433,7,784,(93,37,5)
1415,SI266220200309225433,7,478,(123,28,5)
1417,SI266220200309225433,9,48,(483,56,5)
1431,SI266220200309225433,7,1330,(162,77,5)
1447,SI266220200309225433,7,352,(95,38,5)
1449,SI266220200309225433,9,67,(486,58,5)
1465,SI266220200309225433,9,98,(483,55,5)
1463,SI266220200309225433,7,429,(141,275,5)
1481,SI266220200309225433,9,101,(446,231,5)
1479,SI266220200309225433,7,2782,(177,41,5)
1495,SI266220200309225433,7,194,(132,244,5)
1497,SI266220200309225433,9,24,(484,57,5)
1511,SI266220200309225433,7,711,(136,62,5)
1527,SI266220200309225433,7,492,(185,2,5)
1529,SI266220200309225433,9,46,(487,58,5)
1545,SI266220200309225433,9,107,(445,252,5)
1543,SI266220200309225433,7,168,(121,204,5)
1559,SI266220200309225433,7,3865,(125,45,5)
1561,SI266220200309225433,9,2,(454,232,5)
1577,SI266220200309225433,9,122,(448,304,5)
1575,SI266220200309225433,7,580,(163,45,5)
1593,SI266220200309225433,9,29,(480,57,5)
1591,SI266220200309225433,7,378,(138,276,5)
1607,SI266220200309225433,7,1181,(124,16,5)
1609,SI266220200309225433,9,12,(470,97,5)
1625,SI266220200309225433,9,53,(482,59,5)
1623,SI266220200309225433,7,30,(182,351,5)
1641,SI266220200309225433,9,71,(462,173,5)
1639,SI266220200309225433,7,1261,(138,204,5)
1655,SI266220200309225433,7,822,(109,32,5)
1657,SI266220200309225433,9,115,(446,301,5)
1673,SI266220200309225433,9,45,(486,57,5)
1671,SI266220200309225433,7,274,(121,53,5)
1687,SI266220200309225433,7,601,(184,39,5)
1703,SI266220200309225433,7,297,(176,387,5)
1705,SI266220200309225433,9,67,(485,60,5)
1721,SI266220200309225433,9,107,(448,254,5)
1719,SI266220200309225433,7,579,(156,133,5)
1737,SI266220200309225433,9,75,(446,194,5)
1735,SI266220200309225433,7,3288,(168,43,5)
1751,SI266220200309225433,7,175,(121,42,5)
1753,SI266220200309225433,9,41,(454,144,5)
1767,SI266220200309225433,7,514,(133,44,5)
1785,SI266220200309225433,9,31,(485,57,5)
1783,SI266220200309225433,7,511,(185,3,5)
1801,SI266220200309225433,9,71,(448,251,5)
1799,SI266220200309225433,7,46,(107,68,5)
1815,SI266220200309225433,7,1047,(154,105,5)
1817,SI266220200309225433,9,25,(448,252,5)
1831,SI266220200309225433,7,675,(93,35,5)
1833,SI266220200309225433,9,116,(448,234,5)
1847,SI266220200309225433,7,440,(162,45,5)
1849,SI266220200309225433,9,38,(481,56,5)
1865,SI266220200309225433,9,1,(475,462,5)
1863,SI266220200309225433,7,644,(170,70,5)
1881,SI266220200309225433,9,58,(485,63,5)
1879,SI266220200309225433,7,157,(101,84,5)
1895,SI266220200309225433,7,996,(140,139,5)
1897,SI266220200309225433,9,67,(480,58,5)
1911,SI266220200309225433,7,1280,(111,12,5)
1913,SI266220200309225433,9,107,(446,268,5)
1927,SI266220200309225433,7,204,(130,251,5)
1929,SI266220200309225433,9,27,(480,57,5)
1943,SI266220200309225433,7,990,(148,164,5)
1959,SI266220200309225433,7,424,(130,156,5)
1961,SI266220200309225433,9,70,(485,60,5)
1977,SI266220200309225433,9,110,(446,254,5)
1975,SI266220200309225433,7,327,(101,315,5)
1993,SI266220200309225433,9,57,(446,160,5)
1991,SI266220200309225433,7,3266,(179,201,5)
2007,SI266220200309225433,7,314,(160,326,5)
2009,SI266220200309225433,9,92,(447,339,5)
2025,SI266220200309225433,9,25,(448,253,5)
2023,SI266220200309225433,7,422,(166,44,5)
2039,SI266220200309225433,7,1037,(184,9,5)
2041,SI266220200309225433,9,23,(479,96,5)
2055,SI266220200309225433,7,23,(93,177,5)
2057,SI266220200309225433,9,71,(482,73,5)
2073,SI266220200309225433,9,37,(447,253,5)
2071,SI266220200309225433,7,1647,(147,165,5)
2087,SI266220200309225433,7,798,(121,122,5)
2089,SI266220200309225433,9,117,(446,300,5)
2103,SI266220200309225433,7,475,(122,15,5)
2105,SI266220200309225433,9,47,(482,57,5)
2119,SI266220200309225433,7,3210,(157,24,5)
2121,SI266220200309225433,9,87,(474,156,5)
2135,SI266220200309225433,7,295,(94,38,5)
2137,SI266220200309225433,9,94,(477,119,5)
2151,SI266220200309225433,7,881,(150,110,5)
2153,SI266220200309225433,9,123,(487,63,5)
2167,SI266220200309225433,7,2481,(179,42,5)
2169,SI266220200309225433,9,131,(446,225,5)
2183,SI266220200309225433,7,159,(125,21,5)
2185,SI266220200309225433,9,41,(479,58,5)
2199,SI266220200309225433,7,819,(160,214,5)
2215,SI266220200309225433,7,464,(112,20,5)
2217,SI266220200309225433,9,47,(483,56,5)
2233,SI266220200309225433,9,77,(446,251,5)
2231,SI266220200309225433,7,394,(176,87,5)
2247,SI266220200309225433,7,3499,(179,41,5)
2249,SI266220200309225433,9,27,(447,156,5)
2263,SI266220200309225433,7,621,(106,34,5)
2265,SI266220200309225433,9,141,(447,196,5)
2281,SI266220200309225433,9,12,(482,58,5)
2279,SI266220200309225433,7,525,(147,44,5)
2295,SI266220200309225433,7,568,(161,190,5)
2297,SI266220200309225433,9,11,(458,144,5)
2313,SI266220200309225433,9,70,(485,61,5)
2311,SI266220200309225433,7,30,(95,40,5)
2327,SI266220200309225433,7,867,(120,140,5)
2329,SI266220200309225433,9,46,(480,57,5)
2343,SI266220200309225433,7,850,(111,103,5)
2345,SI266220200309225433,9,119,(446,265,5)
2361,SI266220200309225433,9,49,(487,66,5)
2359,SI266220200309225433,7,484,(119,28,5)
2375,SI266220200309225433,7,1177,(170,32,5)
2391,SI266220200309225433,7,474,(109,22,5)
2393,SI266220200309225433,9,63,(487,60,5)
2409,SI266220200309225433,9,63,(477,67,5)
2407,SI266220200309225433,7,423,(112,29,5)
2425,SI266220200309225433,9,56,(466,319,5)
2423,SI266220200309225433,7,1425,(99,365,5)
2439,SI266220200309225433,7,620,(144,199,5)
2441,SI266220200309225433,9,38,(357,201,5)
2455,SI266220200309225433,7,339,(144,41,5)
2473,SI266220200309225433,9,42,(484,57,5)
2471,SI266220200309225433,7,472,(119,439,5)
2487,SI266220200309225433,7,719,(118,32,5)
2489,SI266220200309225433,9,59,(478,175,5)
2503,SI266220200309225433,7,752,(126,35,5)
2519,SI266220200309225433,7,638,(113,361,5)
2521,SI266220200309225433,9,144,(476,80,5)
2535,SI266220200309225433,7,536,(142,118,5)
2537,SI266220200309225433,9,33,(481,57,5)
2553,SI266220200309225433,9,27,(474,156,5)
2551,SI266220200309225433,7,1227,(160,33,5)
2569,SI266220200309225433,9,91,(483,63,5)
2567,SI266220200309225433,7,991,(144,17,5)
2583,SI266220200309225433,7,1209,(123,117,5)
2585,SI266220200309225433,9,79,(479,58,5)
2601,SI266220200309225433,9,135,(465,295,5)
2599,SI266220200309225433,7,1451,(122,15,5)
2615,SI266220200309225433,7,695,(121,279,5)
2617,SI266220200309225433,9,41,(486,115,5)
2631,SI266220200309225433,7,702,(150,197,5)
2647,SI266220200309225433,7,1019,(160,17,5)
2649,SI266220200309225433,9,90,(482,58,5)
2663,SI266220200309225433,7,1179,(125,112,5)
2665,SI266220200309225433,9,89,(471,252,5)
2679,SI266220200309225433,7,1779,(170,357,5)
2681,SI266220200309225433,9,58,(472,337,5)
2697,SI266220200309225433,9,107,(452,198,5)
2695,SI266220200309225433,7,916,(123,39,5)
2711,SI266220200309225433,7,711,(139,41,5)
2729,SI266220200309225433,9,37,(486,57,5)
2727,SI266220200309225433,7,807,(155,98,5)
2743,SI266220200309225433,7,1178,(118,26,5)
2745,SI266220200309225433,9,72,(488,61,5)
2759,SI266220200309225433,7,740,(126,14,5)
2761,SI266220200309225433,9,32,(470,254,5)
2777,SI266220200309225433,9,156,(460,265,5)
2775,SI266220200309225433,7,1101,(148,41,5)
2793,SI266220200309225433,9,42,(482,56,5)
2791,SI266220200309225433,7,809,(143,161,5)
2809,SI266220200309225433,9,2,(490,134,5)
2807,SI266220200309225433,7,1329,(129,174,5)
2825,SI266220200309225433,9,124,(491,142,5)
2823,SI266220200309225433,7,1267,(135,94,5)
2841,SI266220200309225433,9,110,(479,58,5)
2839,SI266220200309225433,7,1255,(126,30,5)
2857,SI266220200309225433,9,131,(460,262,5)
2855,SI266220200309225433,7,1321,(134,38,5)
2871,SI266220200309225433,7,824,(142,122,5)
2873,SI266220200309225433,9,47,(483,58,5)
2887,SI266220200309225433,7,1409,(128,102,5)
2903,SI266220200309225433,7,956,(161,26,5)
2905,SI266220200309225433,9,60,(487,60,5)
2919,SI266220200309225433,7,1188,(129,106,5)
2921,SI266220200309225433,9,82,(471,252,5)
2935,SI266220200309225433,7,1847,(117,3,5)
2937,SI266220200309225433,9,40,(459,213,5)
2953,SI266220200309225433,9,169,(452,197,5)
2951,SI266220200309225433,7,964,(139,148,5)
2967,SI266220200309225433,7,643,(135,39,5)
2969,SI266220200309225433,9,22,(480,58,5)
2985,SI266220200309225433,9,95,(454,200,5)
2983,SI266220200309225433,7,816,(160,27,5)
2999,SI266220200309225433,7,596,(124,8,5)
3015,SI266220200309225433,7,382,(142,107,5)
3031,SI266220200309225433,7,454,(130,36,5)
3049,SI266220200309225433,9,28,(484,267,5)
3047,SI266220200309225433,7,525,(137,111,5)
3081,SI266220200309225433,9,81,(473,295,5)
3063,SI266220200309225433,7,271,(144,35,5)
3079,SI266220200309225433,7,694,(141,31,5)
3097,SI266220200309225433,9,68,(491,251,5)
3113,SI266220200309225433,9,2,(478,294,5)
3095,SI266220200309225433,7,676,(133,27,5)
3129,SI266220200309225433,9,197,(479,335,5)
3111,SI266220200309225433,7,462,(129,26,5)
3127,SI266220200309225433,7,596,(133,190,5)
3145,SI266220200309225433,9,117,(493,339,5)
3161,SI266220200309225433,9,150,(496,249,5)
3143,SI266220200309225433,7,540,(133,23,5)
3159,SI266220200309225433,7,715,(148,27,5)
3177,SI266220200309225433,9,249,(491,251,5)
3175,SI266220200309225433,7,718,(129,34,5)
3209,SI266220200309225433,9,344,(497,258,5)
3191,SI266220200309225433,7,625,(134,40,5)
3207,SI266220200309225433,7,685,(135,41,5)
3225,SI266220200309225433,9,214,(488,305,5)
3241,SI266220200309225433,9,1,(494,305,5)
3223,SI266220200309225433,7,651,(143,37,5)
3257,SI266220200309225433,9,225,(491,269,5)
3239,SI266220200309225433,7,522,(148,31,5)
3255,SI266220200309225433,7,772,(144,18,5)
3273,SI266220200309225433,9,93,(491,251,5)
3271,SI266220200309225433,7,738,(129,3,5)
3289,SI266220200309225433,9,157,(486,299,5)
3305,SI266220200309225433,9,405,(486,331,5)
3287,SI266220200309225433,7,654,(129,29,5)
3321,SI266220200309225433,9,15,(492,343,5)
3303,SI266220200309225433,7,700,(133,21,5)
3319,SI266220200309225433,7,599,(141,26,5)
3337,SI266220200309225433,9,310,(494,269,5)
3353,SI266220200309225433,9,212,(492,251,5)
3335,SI266220200309225433,7,805,(148,33,5)
3351,SI266220200309225433,7,778,(135,33,5)
3367,SI266220200309225433,7,554,(130,19,5)
3385,SI266220200309225433,9,317,(489,268,5)
3401,SI266220200309225433,9,174,(498,342,5)
3383,SI266220200309225433,7,715,(130,17,5)
3399,SI266220200309225433,7,657,(130,31,5)
3417,SI266220200309225433,9,129,(498,248,5)
3415,SI266220200309225433,7,731,(149,27,5)
3433,SI266220200309225433,9,275,(495,250,5)
3431,SI266220200309225433,7,800,(135,31,5)
3449,SI266220200309225433,9,80,(489,251,5)
3447,SI266220200309225433,7,792,(136,3,5)
3465,SI266220200309225433,9,293,(488,285,5)
3463,SI266220200309225433,7,813,(129,15,5)
3481,SI266220200309225433,9,279,(488,337,5)
3513,SI266220200309225433,9,384,(495,286,5)
3479,SI266220200309225433,7,743,(134,4,5)
3495,SI266220200309225433,7,549,(133,22,5)
3511,SI266220200309225433,7,834,(129,37,5)
3529,SI266220200309225433,9,141,(490,251,5)
3527,SI266220200309225433,7,782,(133,33,5)
3545,SI266220200309225433,9,117,(483,316,5)
3561,SI266220200309225433,9,303,(484,333,5)
3543,SI266220200309225433,7,705,(129,12,5)
3559,SI266220200309225433,7,692,(130,12,5)
3577,SI266220200309225433,9,165,(495,339,5)
3593,SI266220200309225433,9,244,(482,341,5)
3575,SI266220200309225433,7,586,(139,32,5)
3591,SI266220200309225433,7,757,(147,33,5)
