3,SI266220200309225433,3,5639,
19,SI266220200309225433,3,348,
35,SI266220200309225433,3,1253,(138,376,5)
51,SI266220200309225433,3,6667,(123,320,5)
67,SI266220200309225433,3,268,(146,401,5)
83,SI266220200309225433,3,396,(134,298,5)
99,SI266220200309225433,3,7571,(95,452,5)
115,SI266220200309225433,3,1583,(137,463,5)
131,SI266220200309225433,3,2418,(116,470,5)
147,SI266220200309225433,3,832,(106,364,5)
163,SI266220200309225433,3,986,(137,284,5)
179,SI266220200309225433,3,3055,(118,379,5)
195,SI266220200309225433,3,1397,(104,386,5)
211,SI266220200309225433,3,1558,(135,274,5)
227,SI266220200309225433,3,4348,(93,453,5)
243,SI266220200309225433,3,1359,(141,358,5)
259,SI266220200309225433,3,1820,(114,333,5)
275,SI266220200309225433,3,1469,(126,282,5)
291,SI266220200309225433,3,1233,(125,279,5)
307,SI266220200309225433,3,5077,(139,383,5)
323,SI266220200309225433,3,2336,(150,382,5)
339,SI266220200309225433,3,2322,(126,320,5)
355,SI266220200309225433,3,8428,(129,392,5)
371,SI266220200309225433,3,2389,(154,398,5)
387,SI266220200309225433,3,1804,(138,319,5)
403,SI266220200309225433,3,2998,(138,321,5)
419,SI266220200309225433,3,2380,(112,328,5)
435,SI266220200309225433,3,5697,(133,413,5)
451,SI266220200309225433,3,2357,(108,386,5)
467,SI266220200309225433,3,1802,(126,308,5)
483,SI266220200309225433,3,3654,(112,439,5)
499,SI266220200309225433,3,2839,(136,391,5)
515,SI266220200309225433,3,2713,(122,292,5)
531,SI266220200309225433,3,2807,(99,453,5)
547,SI266220200309225433,3,1383,(103,353,5)
563,SI266220200309225433,3,3273,(151,365,5)
579,SI266220200309225433,3,3020,(160,448,5)
595,SI266220200309225433,3,3674,(106,334,5)
611,SI266220200309225433,3,8551,(138,360,5)
627,SI266220200309225433,3,2009,(108,343,5)
643,SI266220200309225433,3,1671,(122,319,5)
659,SI266220200309225433,3,3715,(135,354,5)
675,SI266220200309225433,3,2176,(116,315,5)
691,SI266220200309225433,3,5842,(115,308,5)
707,SI266220200309225433,3,2531,(129,387,5)
723,SI266220200309225433,3,1732,(145,350,5)
739,SI266220200309225433,3,5447,(124,301,5)
755,SI266220200309225433,3,2751,(141,405,5)
771,SI266220200309225433,3,2613,(120,298,5)
787,SI266220200309225433,3,5098,(111,325,5)
803,SI266220200309225433,3,1421,(143,423,5)
819,SI266220200309225433,3,1889,(133,304,5)
835,SI266220200309225433,3,2801,(185,489,5)
851,SI266220200309225433,3,2581,(145,415,5)
867,SI266220200309225433,3,7485,(119,297,5)
883,SI266220200309225433,3,2140,(112,344,5)
899,SI266220200309225433,3,1840,(126,342,5)
915,SI266220200309225433,3,4984,(94,452,5)
931,SI266220200309225433,3,2143,(151,398,5)
947,SI266220200309225433,3,2960,(110,322,5)
963,SI266220200309225433,3,3662,(123,329,5)
979,SI266220200309225433,3,1750,(138,454,5)
995,SI266220200309225433,3,6090,(144,336,5)
1011,SI266220200309225433,3,3007,(162,391,5)
1027,SI266220200309225433,3,2703,(126,272,5)
1043,SI266220200309225433,3,8395,(106,396,5)
1059,SI266220200309225433,3,1600,(115,324,5)
1075,SI266220200309225433,3,1470,(133,295,5)
1091,SI266220200309225433,3,2368,(162,387,5)
1107,SI266220200309225433,3,2380,(110,323,5)
1123,SI266220200309225433,3,8200,(111,333,5)
1139,SI266220200309225433,3,2534,(110,387,5)
1155,SI266220200309225433,3,1766,(121,316,5)
1171,SI266220200309225433,3,4090,(152,342,5)
1187,SI266220200309225433,3,2858,(162,370,5)
1203,SI266220200309225433,3,2634,(102,347,5)
1219,SI266220200309225433,3,3433,(122,293,5)
1235,SI266220200309225433,3,1506,(125,283,5)
1251,SI266220200309225433,3,2427,(160,386,5)
1267,SI266220200309225433,3,2609,(165,372,5)
1283,SI266220200309225433,3,2685,(109,333,5)
1299,SI266220200309225433,3,9363,(134,368,5)
1310,SI266220200309225433,14,2,
1315,SI266220200309225433,3,1690,(115,322,5)
1331,SI266220200309225433,3,1711,(124,298,5)
1347,SI266220200309225433,3,2186,(122,308,5)
1363,SI266220200309225433,3,2084,(129,292,5)
1379,SI266220200309225433,3,5707,(127,298,5)
1395,SI266220200309225433,3,2682,(118,386,5)
1411,SI266220200309225433,3,1736,(163,476,5)
1427,SI266220200309225433,3,3351,(139,406,5)
1443,SI266220200309225433,3,3306,(93,377,5)
1459,SI266220200309225433,3,3601,(124,282,5)
1475,SI266220200309225433,3,6590,(103,402,5)
1491,SI266220200309225433,3,1810,(119,408,5)
1507,SI266220200309225433,3,2229,(119,443,5)
1523,SI266220200309225433,3,2425,(185,491,5)
1539,SI266220200309225433,3,2650,(131,279,5)
1555,SI266220200309225433,3,7965,(103,376,5)
1571,SI266220200309225433,3,2127,(148,411,5)
1587,SI266220200309225433,3,1869,(136,319,5)
1603,SI266220200309225433,3,2809,(109,435,5)
1619,SI266220200309225433,3,2273,(181,451,5)
1635,SI266220200309225433,3,3647,(113,315,5)
1651,SI266220200309225433,3,2723,(119,330,5)
1667,SI266220200309225433,3,1616,(132,318,5)
1683,SI266220200309225433,3,2311,(122,426,5)
1699,SI266220200309225433,3,2844,(153,327,5)
1715,SI266220200309225433,3,2609,(123,328,5)
1731,SI266220200309225433,3,7353,(96,447,5)
1747,SI266220200309225433,3,1396,(104,405,5)
1763,SI266220200309225433,3,1400,(127,272,5)
1779,SI266220200309225433,3,2567,(167,470,5)
1795,SI266220200309225433,3,2495,(132,306,5)
1811,SI266220200309225433,3,3212,(95,430,5)
1827,SI266220200309225433,3,3446,(127,387,5)
1843,SI266220200309225433,3,1818,(155,446,5)
1859,SI266220200309225433,3,2026,(172,400,5)
1875,SI266220200309225433,3,2425,(133,360,5)
1891,SI266220200309225433,3,2971,(119,297,5)
1907,SI266220200309225433,3,3911,(113,365,5)
1923,SI266220200309225433,3,1465,(125,279,5)
1939,SI266220200309225433,3,3856,(152,396,5)
1955,SI266220200309225433,3,2533,(165,388,5)
1971,SI266220200309225433,3,2642,(130,275,5)
1987,SI266220200309225433,3,7919,(147,344,5)
2003,SI266220200309225433,3,2163,(109,387,5)
2019,SI266220200309225433,3,1596,(134,289,5)
2035,SI266220200309225433,3,2524,(175,455,5)
2051,SI266220200309225433,3,2307,(113,330,5)
2067,SI266220200309225433,3,5023,(119,310,5)
2083,SI266220200309225433,3,2904,(118,386,5)
2099,SI266220200309225433,3,1746,(143,357,5)
2115,SI266220200309225433,3,5072,(134,434,5)
2131,SI266220200309225433,3,2712,(150,450,5)
2147,SI266220200309225433,3,2595,(123,291,5)
2163,SI266220200309225433,3,6586,(135,418,5)
2179,SI266220200309225433,3,1116,(141,338,5)
2195,SI266220200309225433,3,1730,(116,400,5)
2211,SI266220200309225433,3,2736,(175,437,5)
2227,SI266220200309225433,3,2721,(134,398,5)
2243,SI266220200309225433,3,7759,(103,379,5)
2259,SI266220200309225433,3,2158,(184,451,5)
2275,SI266220200309225433,3,1590,(134,319,5)
2291,SI266220200309225433,3,3039,(135,298,5)
2307,SI266220200309225433,3,2250,(173,451,5)
2323,SI266220200309225433,3,3339,(119,293,5)
2339,SI266220200309225433,3,2689,(137,327,5)
2355,SI266220200309225433,3,2090,(125,281,5)
2371,SI266220200309225433,3,3876,(128,375,5)
2387,SI266220200309225433,3,2806,(153,392,5)
2403,SI266220200309225433,3,3192,(166,464,5)
2419,SI266220200309225433,3,6239,(131,427,5)
2435,SI266220200309225433,3,1761,(130,303,5)
2451,SI266220200309225433,3,1382,(142,321,5)
2467,SI266220200309225433,3,2638,(145,311,5)
2483,SI266220200309225433,3,3125,(111,367,5)
2499,SI266220200309225433,3,5526,(119,328,5)
2515,SI266220200309225433,3,2556,(111,387,5)
2531,SI266220200309225433,3,1883,(127,369,5)
2547,SI266220200309225433,3,4786,(132,400,5)
2563,SI266220200309225433,3,3549,(141,378,5)
2579,SI266220200309225433,3,3389,(114,356,5)
2595,SI266220200309225433,3,5772,(132,324,5)
2611,SI266220200309225433,3,2647,(133,306,5)
2627,SI266220200309225433,3,2245,(146,378,5)
2643,SI266220200309225433,3,3256,(160,431,5)
2659,SI266220200309225433,3,3883,(139,417,5)
2675,SI266220200309225433,3,6422,(151,386,5)
2691,SI266220200309225433,3,2952,(110,431,5)
2707,SI266220200309225433,3,2275,(126,274,5)
2723,SI266220200309225433,3,3028,(145,354,5)
2739,SI266220200309225433,3,4111,(117,402,5)
2755,SI266220200309225433,3,3163,(115,373,5)
2771,SI266220200309225433,3,3459,(129,449,5)
2787,SI266220200309225433,3,2386,(132,310,5)
2803,SI266220200309225433,3,3474,(125,381,5)
2819,SI266220200309225433,3,3917,(134,361,5)
2835,SI266220200309225433,3,3056,(122,289,5)
2851,SI266220200309225433,3,4707,(126,277,5)
2867,SI266220200309225433,3,2944,(125,283,5)
2883,SI266220200309225433,3,3046,(153,438,5)
2899,SI266220200309225433,3,3046,(157,437,5)
2915,SI266220200309225433,3,4297,(142,384,5)
2931,SI266220200309225433,3,6915,(110,384,5)
2947,SI266220200309225433,3,3712,(126,412,5)
2963,SI266220200309225433,3,2238,(121,386,5)
2979,SI266220200309225433,3,2150,(137,293,5)
2995,SI266220200309225433,3,760,(121,381,5)
3011,SI266220200309225433,3,484,(132,425,5)
3027,SI266220200309225433,3,555,(129,461,5)
3043,SI266220200309225433,3,618,(131,460,5)
3059,SI266220200309225433,3,243,(130,459,5)
3075,SI266220200309225433,3,809,(130,457,5)
3091,SI266220200309225433,3,785,(132,478,5)
3107,SI266220200309225433,3,315,(129,496,5)
3123,SI266220200309225433,3,760,(142,454,5)
3139,SI266220200309225433,3,654,(144,469,5)
3155,SI266220200309225433,3,818,(131,453,5)
3171,SI266220200309225433,3,839,(134,467,5)
3187,SI266220200309225433,3,624,(129,459,5)
3203,SI266220200309225433,3,755,(131,458,5)
3219,SI266220200309225433,3,764,(130,460,5)
3235,SI266220200309225433,3,712,(135,453,5)
3251,SI266220200309225433,3,893,(147,461,5)
3267,SI266220200309225433,3,790,(132,475,5)
3283,SI266220200309225433,3,728,(130,481,5)
3299,SI266220200309225433,3,786,(130,471,5)
3315,SI266220200309225433,3,771,(132,467,5)
3331,SI266220200309225433,3,875,(130,470,5)
3347,SI266220200309225433,3,862,(132,459,5)
3363,SI266220200309225433,3,474,(130,474,5)
3379,SI266220200309225433,3,795,(130,474,5)
3395,SI266220200309225433,3,770,(136,477,5)
3411,SI266220200309225433,3,870,(134,458,5)
3427,SI266220200309225433,3,885,(139,471,5)
3443,SI266220200309225433,3,919,(129,473,5)
3459,SI266220200309225433,3,815,(129,485,5)
3475,SI266220200309225433,3,798,(131,477,5)
3491,SI266220200309225433,3,594,(131,498,5)
3507,SI266220200309225433,3,926,(134,463,5)
3523,SI266220200309225433,3,850,(134,468,5)
3539,SI266220200309225433,3,844,(129,490,5)
3555,SI266220200309225433,3,783,(144,459,5)
3571,SI266220200309225433,3,688,(137,462,5)
3587,SI266220200309225433,3,867,(134,460,5)
