50,SI266220200309225433,2,0,0,0,0,0,0,0,0,0,0,0,0,0,0,0,23,2025-06-25T14:43:33.083051336Z
438,SI266220200309225433,6,0,0,0,0,0,0,0,0,0,0,0,0,0,0,0,72,2025-06-25T14:43:34.719781624Z
664,SI266220200309225433,8,0,0,0,0,0,0,0,0,0,0,0,0,0,0,0,56,2025-06-25T14:43:35.696493008Z
838,SI266220200309225433,6,0,0,0,0,0,0,0,0,0,0,0,0,0,0,0,23,2025-06-25T14:43:36.385109313Z
1298,SI266220200309225433,2,0,0,0,0,0,0,0,0,0,0,0,0,0,0,0,27,2025-06-25T14:43:38.276794323Z
1474,SI266220200309225433,2,250,452,11152.102,251,452,10774.672,251,451,10766.395,250,451,10708.5625,249,451,9957.297,48,2025-06-25T14:43:38.947313219Z
1682,SI266220200309225433,2,251,449,13449.309,430,306,11526.307,174,452,11487.281,176,461,10620.336,174,459,10596.6875,51,2025-06-25T14:43:39.751425473Z
1686,SI266220200309225433,6,373,411,14462.627,222,223,13202.426,373,412,12353.221,374,411,12288.205,161,18,11974.566,44,2025-06-25T14:43:39.763737706Z
2370,SI266220200309225433,2,250,448,10068.979,248,447,9701.038,249,447,9070.041,169,450,8891.02,155,482,8781.902,74,2025-06-25T14:43:42.417932939Z
3298,SI266220200309225433,2,203,449,12517.859,196,454,12380.951,196,455,12232.652,204,450,12222.443,195,454,12064.668,24,2025-06-25T14:43:45.189589107Z
