batch_id,print_id,tile_id,P1_x,P1_y,δP1,P2_x,P2_y,δP2,P3_x,P3_y,δP3,P4_x,P4_y,δP4,P5_x,P5_y,δP5,latency_ms,timestamp
10,SI266220200309225433,10,0,0,0,0,0,0,0,0,0,0,0,0,0,0,0,358,2025-06-25T14:43:32.551144246Z
58,SI266220200309225433,10,0,0,0,0,0,0,0,0,0,0,0,0,0,0,0,38,2025-06-25T14:43:33.150823729Z
53,SI266220200309225433,5,0,0,0,0,0,0,0,0,0,0,0,0,0,0,0,126,2025-06-25T14:43:33.138471718Z
138,SI266220200309225433,10,19,162,11134.523,18,164,11111.379,18,166,11014.305,19,163,10709.902,19,161,10632.668,45,2025-06-25T14:43:33.492857333Z
154,SI266220200309225433,10,35,258,11896.457,32,251,11446.258,34,251,11329.152,35,254,11154.953,35,252,11127.031,44,2025-06-25T14:43:33.541330155Z
186,SI266220200309225433,10,10,250,9424.441,9,250,9420.078,39,258,8789.776,10,251,8686.27,35,247,8281.664,27,2025-06-25T14:43:33.692270817Z
218,SI266220200309225433,10,33,338,10520.465,27,339,10377.738,34,336,10236.348,31,339,10180.684,34,335,10131.195,23,2025-06-25T14:43:33.806437238Z
234,SI266220200309225433,10,34,251,11427.264,35,251,11167.633,33,251,11037.195,34,250,10561.26,33,250,10470.129,57,2025-06-25T14:43:33.845306184Z
282,SI266220200309225433,10,32,251,12109.785,31,251,11962.039,35,255,10770.367,33,251,10673.898,32,250,10603.059,22,2025-06-25T14:43:34.089752883Z
298,SI266220200309225433,10,17,168,9962.418,14,169,9458.398,18,167,9419.695,16,169,9410.258,15,169,9284.4375,30,2025-06-25T14:43:34.154909430Z
309,SI266220200309225433,5,0,0,0,0,0,0,0,0,0,0,0,0,0,0,0,23,2025-06-25T14:43:34.175191676Z
314,SI266220200309225433,10,19,158,11743.9,19,159,11511.1,17,154,11134.191,18,155,10860.102,18,157,10832.184,24,2025-06-25T14:43:34.239263833Z
330,SI266220200309225433,10,33,251,12183.07,35,252,12059.0,32,250,11713.439,35,251,11630.906,26,251,11339.172,48,2025-06-25T14:43:34.274524143Z
357,SI266220200309225433,5,256,426,11411.91,459,436,8448.205,461,413,8029.66,314,382,8020.924,465,418,7880.1387,15,2025-06-25T14:43:34.389568063Z
394,SI266220200309225433,10,30,339,8896.945,39,258,8689.608,39,259,8590.103,29,339,8542.832,39,257,8521.626,26,2025-06-25T14:43:34.576245980Z
410,SI266220200309225433,10,33,251,10527.324,35,251,10086.389,35,252,9995.07,34,251,9896.1875,32,250,9456.488,58,2025-06-25T14:43:34.609770951Z
442,SI266220200309225433,10,23,167,8158.9375,23,166,7715.7627,23,168,7661.962,36,261,7654.164,23,165,7503.953,17,2025-06-25T14:43:34.776467579Z
458,SI266220200309225433,10,32,246,8653.382,31,246,8484.914,31,251,8129.379,30,251,8013.9414,30,247,8003.294,26,2025-06-25T14:43:34.851765626Z
474,SI266220200309225433,10,34,339,10714.676,29,339,10156.535,35,338,10106.691,24,339,9515.426,23,338,9467.547,22,2025-06-25T14:43:34.955026137Z
469,SI266220200309225433,5,241,366,12978.342,240,367,12305.381,240,366,11351.824,300,426,9986.126,241,368,9879.283,27,2025-06-25T14:43:34.880737833Z
490,SI266220200309225433,10,19,152,13430.713,20,160,13174.713,20,159,11929.047,20,154,11421.654,20,153,11254.229,21,2025-06-25T14:43:35.011956474Z
506,SI266220200309225433,10,34,251,14099.582,35,251,13270.291,36,255,12865.84,36,256,12596.426,27,250,12419.863,31,2025-06-25T14:43:35.074068192Z
570,SI266220200309225433,10,34,338,12050.602,34,339,11286.801,32,339,11206.066,33,339,11016.141,35,336,10539.195,24,2025-06-25T14:43:35.356360200Z
586,SI266220200309225433,10,34,251,11498.723,35,252,9911.41,27,251,9902.547,33,251,9485.77,39,258,9138.981,21,2025-06-25T14:43:35.420943849Z
618,SI266220200309225433,10,215,477,16069.098,215,476,13218.053,212,475,12303.559,212,474,12223.021,214,477,11886.3125,18,2025-06-25T14:43:35.540738406Z
650,SI266220200309225433,10,18,168,10064.441,31,339,9841.0,28,339,9797.02,14,169,9760.637,13,169,9707.523,21,2025-06-25T14:43:35.672345168Z
666,SI266220200309225433,10,34,251,13990.705,35,252,13180.547,34,252,12363.414,33,250,11754.475,213,476,11260.652,20,2025-06-25T14:43:35.732489080Z
714,SI266220200309225433,10,31,250,14606.531,33,250,14056.016,34,251,13740.297,32,251,13383.668,30,250,13141.207,15,2025-06-25T14:43:35.894572819Z
730,SI266220200309225433,10,18,168,11124.047,24,339,10647.336,19,167,10584.4,23,338,10266.852,30,339,9961.223,30,2025-06-25T14:43:35.961815455Z
741,SI266220200309225433,5,446,407,14096.881,440,406,13735.768,440,408,13672.961,441,405,13330.398,441,409,13315.732,22,2025-06-25T14:43:35.985993369Z
746,SI266220200309225433,10,19,156,13652.785,19,155,13021.252,19,157,12988.25,18,156,12286.262,16,152,11791.672,35,2025-06-25T14:43:36.016054401Z
762,SI266220200309225433,10,33,251,13342.918,25,250,12338.859,34,251,12220.76,32,250,12061.648,24,251,11982.137,60,2025-06-25T14:43:36.078175593Z
778,SI266220200309225433,10,36,340,8507.377,36,339,8415.168,19,170,8279.832,35,340,8184.627,18,170,8070.6113,22,2025-06-25T14:43:36.172708576Z
826,SI266220200309225433,10,19,164,10634.531,18,164,10557.516,35,335,10468.902,19,163,10022.164,18,165,10005.102,22,2025-06-25T14:43:36.362292201Z
842,SI266220200309225433,10,33,251,13070.209,35,252,12478.641,32,251,12440.574,34,251,12181.199,33,250,11642.318,23,2025-06-25T14:43:36.391870365Z
874,SI266220200309225433,10,20,169,12667.055,19,170,12312.6875,19,169,11978.408,75,192,10857.021,20,168,10821.24,22,2025-06-25T14:43:36.565078507Z
906,SI266220200309225433,10,19,163,13167.445,19,164,12479.773,14,168,12258.074,35,336,12020.746,19,165,11883.391,26,2025-06-25T14:43:36.681355053Z
922,SI266220200309225433,10,35,251,12283.955,34,250,11599.641,28,251,11365.719,35,261,10837.314,35,255,10803.424,22,2025-06-25T14:43:36.764650458Z
970,SI266220200309225433,10,29,251,12498.492,35,255,11939.566,32,251,11708.398,30,250,11366.121,35,254,11272.219,15,2025-06-25T14:43:36.981218258Z
986,SI266220200309225433,10,34,338,10629.586,24,339,10244.785,33,339,9827.633,29,340,9779.041,23,338,9614.426,23,2025-06-25T14:43:37.066623086Z
1002,SI266220200309225433,10,18,157,11356.922,15,153,11080.5,18,158,10936.27,17,155,10708.629,34,338,10690.883,26,2025-06-25T14:43:37.150597713Z
1018,SI266220200309225433,10,35,252,13023.945,34,251,12963.854,34,252,12883.152,33,251,12856.324,23,251,12652.881,34,2025-06-25T14:43:37.175162450Z
1082,SI266220200309225433,10,32,339,9048.309,34,338,9032.82,35,336,9030.48,27,339,8831.602,33,339,8611.789,28,2025-06-25T14:43:37.451396359Z
1098,SI266220200309225433,10,28,250,9675.436,39,253,9422.733,39,254,9312.843,35,256,9280.762,27,251,9163.734,24,2025-06-25T14:43:37.486413820Z
1130,SI266220200309225433,10,20,246,7818.77,39,261,7789.0166,30,247,7715.288,18,161,7600.4414,25,247,7574.039,26,2025-06-25T14:43:37.626855436Z
1162,SI266220200309225433,10,33,339,10724.316,34,338,10550.824,18,168,10392.191,17,169,10367.859,18,165,10214.895,24,2025-06-25T14:43:37.761012159Z
1178,SI266220200309225433,10,34,251,11936.637,11,128,11389.471,11,129,11320.961,18,152,11077.023,34,252,10882.934,14,2025-06-25T14:43:37.831361610Z
1194,SI266220200309225433,10,34,251,12876.52,35,252,12797.324,34,252,12414.242,35,253,12236.559,35,254,10985.727,24,2025-06-25T14:43:37.886615466Z
1210,SI266220200309225433,10,32,247,9137.483,33,247,8917.795,35,340,8728.588,31,247,8594.579,34,247,8381.238,29,2025-06-25T14:43:37.936734025Z
1258,SI266220200309225433,10,35,331,10529.613,34,338,10516.559,35,336,10058.117,35,337,9854.758,35,332,9485.008,12,2025-06-25T14:43:38.130900474Z
1274,SI266220200309225433,10,34,251,13329.695,35,252,12933.119,33,251,12450.391,33,250,12002.205,35,253,11845.051,46,2025-06-25T14:43:38.157804323Z
1290,SI266220200309225433,10,39,258,7927.452,39,257,7742.9385,1,247,7411.8955,39,262,7403.1445,12,247,7371.385,21,2025-06-25T14:43:38.265232445Z
1306,SI266220200309225433,10,7,107,7323.7344,1,247,7319.9463,219,495,7196.3613,7,106,7192.247,39,257,7125.8955,20,2025-06-25T14:43:38.323234323Z
1338,SI266220200309225433,10,35,330,8829.922,23,166,8793.502,23,165,8428.023,23,164,8226.041,23,167,8120.081,18,2025-06-25T14:43:38.449915136Z
1354,SI266220200309225433,10,33,250,12222.086,34,250,11797.654,35,256,11711.094,36,257,11686.189,35,255,11360.814,44,2025-06-25T14:43:38.477885753Z
1418,SI266220200309225433,10,34,338,8816.176,33,339,8658.055,23,167,8226.949,14,169,8219.656,35,334,8208.91,23,2025-06-25T14:43:38.749283724Z
1434,SI266220200309225433,10,14,168,11826.711,15,168,11424.121,17,168,10614.27,16,168,10611.855,18,167,10067.504,39,2025-06-25T14:43:38.790798079Z
1450,SI266220200309225433,10,23,251,13181.234,22,252,12533.707,29,251,12424.988,30,251,12256.785,28,251,12131.881,19,2025-06-25T14:43:38.879197902Z
1514,SI266220200309225433,10,34,338,12142.832,35,337,11286.73,33,338,10518.461,33,339,10406.719,32,339,10185.664,16,2025-06-25T14:43:39.122216803Z
1530,SI266220200309225433,10,39,252,9519.853,39,253,9113.22,29,251,9097.566,39,259,9004.607,33,251,8816.5,26,2025-06-25T14:43:39.141239241Z
1562,SI266220200309225433,10,39,257,8044.9814,39,258,7758.615,15,129,7687.0264,15,128,7464.9346,39,259,7381.507,25,2025-06-25T14:43:39.283568031Z
1594,SI266220200309225433,10,35,338,11772.0,29,340,11736.658,30,340,11585.301,34,339,11387.223,28,340,10971.949,11,2025-06-25T14:43:39.409122322Z
1610,SI266220200309225433,10,35,251,13260.797,34,250,12745.623,35,252,12226.605,33,251,11922.715,34,251,11511.473,21,2025-06-25T14:43:39.471595916Z
1658,SI266220200309225433,10,30,251,12420.98,31,250,12021.746,34,251,11498.898,31,251,11352.43,32,251,11074.961,29,2025-06-25T14:43:39.659095508Z
1674,SI266220200309225433,10,13,169,10709.359,14,169,10272.605,17,168,10123.102,12,169,9837.242,16,168,9710.09,14,2025-06-25T14:43:39.745767785Z
1690,SI266220200309225433,10,17,155,11292.82,19,159,11096.551,18,156,10848.492,18,166,10577.824,13,168,10560.18,17,2025-06-25T14:43:39.796395711Z
1706,SI266220200309225433,10,34,251,12524.957,36,256,12443.998,35,252,12289.797,35,257,12195.176,36,255,11748.924,26,2025-06-25T14:43:39.866956679Z
1770,SI266220200309225433,10,27,338,9442.781,35,258,9151.883,26,338,9001.344,39,258,8984.885,27,339,8978.0625,29,2025-06-25T14:43:40.158237340Z
1786,SI266220200309225433,10,39,254,10032.77,39,253,9911.944,39,257,9742.613,39,256,9655.176,39,258,9449.687,21,2025-06-25T14:43:40.191986154Z
1818,SI266220200309225433,10,45,131,9825.192,16,170,9232.094,44,131,9206.77,12,139,9118.5625,12,138,9051.094,23,2025-06-25T14:43:40.351330002Z
1850,SI266220200309225433,10,16,169,13486.535,15,169,13229.0,18,165,12500.07,18,164,12419.02,19,164,12218.352,23,2025-06-25T14:43:40.480100900Z
1866,SI266220200309225433,10,35,251,12841.533,35,250,12666.045,34,250,11781.486,35,260,11458.613,384,143,10582.914,58,2025-06-25T14:43:40.503094898Z
1882,SI266220200309225433,10,35,251,16574.68,35,252,15147.172,34,251,14869.094,34,250,14462.979,35,253,13787.902,22,2025-06-25T14:43:40.592824626Z
1946,SI266220200309225433,10,34,339,11783.305,33,340,11422.854,35,338,11275.861,33,339,11110.098,36,335,10760.977,17,2025-06-25T14:43:40.848639777Z
1962,SI266220200309225433,10,32,251,10441.738,31,250,10052.721,35,253,9875.93,39,257,9654.599,33,251,9619.027,36,2025-06-25T14:43:40.872807718Z
2026,SI266220200309225433,10,33,338,9447.32,35,334,9004.32,35,335,8797.254,19,162,8757.855,34,337,8618.691,15,2025-06-25T14:43:41.109421899Z
2042,SI266220200309225433,10,33,251,10170.281,34,251,9820.641,30,251,9721.301,31,251,9655.066,35,258,9452.4375,50,2025-06-25T14:43:41.133272136Z
2074,SI266220200309225433,10,39,336,7961.876,39,337,7889.9385,39,259,7783.698,39,260,7770.3857,36,340,7579.1445,21,2025-06-25T14:43:41.301380067Z
2106,SI266220200309225433,10,13,168,10641.387,14,169,10090.098,14,168,10086.5625,28,339,10004.68,13,169,9943.488,19,2025-06-25T14:43:41.436154290Z
2122,SI266220200309225433,10,190,57,16533.586,1,103,14104.869,190,58,13960.375,2,104,13812.996,3,103,13470.877,22,2025-06-25T14:43:41.492336545Z
2138,SI266220200309225433,10,35,251,13007.705,27,250,12372.135,34,251,12040.592,34,257,11910.129,23,251,11897.1,72,2025-06-25T14:43:41.513859333Z
2154,SI266220200309225433,10,1,100,9591.802,9,124,9362.512,11,125,9209.529,8,124,9180.109,8,123,8920.412,25,2025-06-25T14:43:41.625566714Z
2202,SI266220200309225433,10,35,329,11159.043,34,339,10944.387,35,328,10352.059,18,168,10349.238,35,338,10326.527,17,2025-06-25T14:43:41.802020404Z
2218,SI266220200309225433,10,34,252,13532.533,35,253,12468.0625,23,251,12343.875,30,250,12189.234,33,251,12069.783,18,2025-06-25T14:43:41.836171556Z
2250,SI266220200309225433,10,7,104,7727.923,15,132,7711.8457,39,255,7706.792,15,128,7684.369,19,160,7615.5312,17,2025-06-25T14:43:41.977575961Z
2282,SI266220200309225433,10,29,340,11070.822,35,336,10723.352,30,340,10537.609,30,339,10468.105,19,163,10408.414,17,2025-06-25T14:43:42.098151352Z
2298,SI266220200309225433,10,31,250,12661.084,33,251,12304.973,32,250,12233.254,34,251,11868.58,32,251,11703.551,59,2025-06-25T14:43:42.125951333Z
2346,SI266220200309225433,10,32,251,12404.316,31,250,12043.301,31,251,11761.781,30,251,11715.988,28,251,11557.605,28,2025-06-25T14:43:42.344218008Z
2362,SI266220200309225433,10,33,338,10220.652,34,337,9968.816,32,339,9903.859,29,339,9868.754,28,339,9692.23,26,2025-06-25T14:43:42.403844111Z
2378,SI266220200309225433,10,19,158,12879.74,18,154,12212.906,17,154,11700.574,17,153,11581.277,16,153,11516.402,26,2025-06-25T14:43:42.480329605Z
2394,SI266220200309225433,10,35,252,13534.973,34,251,13342.545,30,250,12683.611,29,250,12315.877,36,255,12071.479,22,2025-06-25T14:43:42.564962567Z
2458,SI266220200309225433,10,15,254,11501.541,15,336,11083.084,15,335,10637.145,10,336,10358.219,9,337,10296.773,55,2025-06-25T14:43:42.803669807Z
2474,SI266220200309225433,10,15,253,19483.16,15,254,18414.828,15,252,17212.797,15,255,17030.188,14,252,15974.523,44,2025-06-25T14:43:42.864960443Z
2506,SI266220200309225433,10,7,247,7702.926,15,261,7654.4688,6,247,7608.955,23,166,7534.963,23,165,7490.076,14,2025-06-25T14:43:42.999997992Z
2538,SI266220200309225433,10,17,168,9931.668,2,339,9844.27,18,167,9619.988,10,335,9573.699,18,162,9477.766,13,2025-06-25T14:43:43.104272251Z
2554,SI266220200309225433,10,10,251,11695.045,11,252,11360.199,10,252,10804.926,9,251,10643.277,11,253,9946.1875,51,2025-06-25T14:43:43.122774370Z
2570,SI266220200309225433,10,10,252,13265.984,10,251,13037.875,11,253,12915.453,11,252,12675.211,9,251,12108.09,54,2025-06-25T14:43:43.185781710Z
2602,SI266220200309225433,10,5,247,9474.691,1,247,9449.928,6,247,9351.709,8,247,9097.625,7,247,9085.613,15,2025-06-25T14:43:43.337226386Z
2634,SI266220200309225433,10,19,164,11208.18,19,165,10584.078,11,338,10050.848,18,167,9993.469,18,155,9776.051,58,2025-06-25T14:43:43.399488807Z
2650,SI266220200309225433,10,11,260,9731.637,1,251,9413.1875,2,251,9195.734,2,250,9140.676,11,252,9127.824,48,2025-06-25T14:43:43.452168696Z
2714,SI266220200309225433,10,1,339,9613.609,2,339,9423.145,0,338,9309.637,1,338,9205.5625,10,338,9041.629,25,2025-06-25T14:43:43.659711093Z
2730,SI266220200309225433,10,10,251,10002.359,11,252,9390.387,1,247,9165.875,9,251,9119.516,10,252,8944.039,29,2025-06-25T14:43:43.677800038Z
2794,SI266220200309225433,10,10,337,8490.355,23,165,8391.228,9,338,8349.906,5,339,8228.457,23,164,8186.1064,15,2025-06-25T14:43:43.900109046Z
2810,SI266220200309225433,10,18,166,11243.711,17,168,11123.605,17,167,11107.234,18,167,10937.266,18,155,10671.488,41,2025-06-25T14:43:43.922334673Z
2826,SI266220200309225433,10,0,251,14782.025,1,250,13203.338,11,252,12639.203,2,250,12507.244,1,251,12360.076,44,2025-06-25T14:43:43.965299827Z
2858,SI266220200309225433,10,11,251,14002.895,11,252,13557.738,11,250,12743.277,6,250,12682.48,1,251,12628.164,14,2025-06-25T14:43:44.099998749Z
2890,SI266220200309225433,10,10,338,11860.594,18,167,11223.941,11,329,10804.832,11,337,10333.152,9,339,10150.723,23,2025-06-25T14:43:44.214870501Z
2906,SI266220200309225433,10,10,251,10536.133,0,251,10089.418,11,252,9783.566,7,250,9406.211,14,251,9035.07,23,2025-06-25T14:43:44.237645283Z
2938,SI266220200309225433,10,1,247,8970.789,2,247,8554.467,15,252,8176.1494,15,251,7990.546,23,163,7775.499,12,2025-06-25T14:43:44.355968112Z
2970,SI266220200309225433,10,11,335,10453.395,6,339,9830.191,7,339,9766.676,11,334,9703.504,19,164,9425.148,27,2025-06-25T14:43:44.472106565Z
2986,SI266220200309225433,10,10,251,11086.76,11,251,11010.045,9,251,10650.957,11,263,10408.178,10,250,10153.221,27,2025-06-25T14:43:44.497113539Z
