7,SI266220200309225433,7,0,0,0,0,0,0,0,0,0,0,0,0,0,0,0,110,2025-06-25T14:43:32.537245167Z
23,SI266220200309225433,7,0,0,0,0,0,0,0,0,0,0,0,0,0,0,0,55,2025-06-25T14:43:32.894552373Z
39,SI266220200309225433,7,184,40,10037.871,91,41,10025.15,90,38,9938.346,163,40,9601.535,95,44,9483.877,21,2025-06-25T14:43:32.981566764Z
9,SI266220200309225433,9,0,0,0,0,0,0,0,0,0,0,0,0,0,0,0,385,2025-06-25T14:43:32.538884342Z
55,SI266220200309225433,7,184,39,11960.578,177,40,11827.23,176,40,11819.895,184,38,11717.434,182,40,11542.32,33,2025-06-25T14:43:33.146220818Z
57,SI266220200309225433,9,0,0,0,0,0,0,0,0,0,0,0,0,0,0,0,33,2025-06-25T14:43:33.149156254Z
71,SI266220200309225433,7,93,37,11302.047,112,368,10901.906,93,38,10807.398,94,40,10716.492,93,31,10380.41,96,2025-06-25T14:43:33.192604441Z
87,SI266220200309225433,7,184,42,11107.723,183,41,10294.145,185,41,10185.01,184,41,9846.199,110,347,9491.754,22,2025-06-25T14:43:33.318588850Z
103,SI266220200309225433,7,174,41,13526.586,173,41,13193.578,184,19,12358.332,184,32,12273.809,172,41,12235.016,43,2025-06-25T14:43:33.356532728Z
105,SI266220200309225433,9,489,154,11162.125,485,141,10982.363,485,136,10333.211,485,135,9807.516,486,141,9727.668,41,2025-06-25T14:43:33.362020970Z
135,SI266220200309225433,7,94,2,13562.199,94,1,12608.625,93,33,12139.348,93,1,11990.777,94,29,11334.016,32,2025-06-25T14:43:33.481699849Z
151,SI266220200309225433,7,93,32,10647.039,102,41,10289.496,93,31,9787.484,105,41,9561.84,92,41,9296.734,44,2025-06-25T14:43:33.535866126Z
153,SI266220200309225433,9,499,99,11083.77,499,80,10856.427,499,83,10769.527,499,100,10549.738,499,98,10542.932,49,2025-06-25T14:43:33.539271277Z
167,SI266220200309225433,7,183,41,12261.758,184,40,11917.203,184,41,9976.311,179,41,9889.988,180,41,9613.34,57,2025-06-25T14:43:33.579348386Z
169,SI266220200309225433,9,486,60,10818.648,486,59,10444.332,487,60,10269.5,485,58,10104.6875,483,57,9830.887,27,2025-06-25T14:43:33.616829898Z
183,SI266220200309225433,7,183,40,12945.016,184,40,12315.035,184,33,12065.414,184,41,11985.436,183,41,11824.359,20,2025-06-25T14:43:33.687635229Z
199,SI266220200309225433,7,122,41,11883.391,119,40,11322.352,123,41,11167.34,120,40,11059.848,118,40,11059.797,60,2025-06-25T14:43:33.715977116Z
201,SI266220200309225433,9,491,63,8886.161,442,165,8825.475,491,62,8805.247,491,64,8630.041,442,166,8497.795,24,2025-06-25T14:43:33.758500261Z
215,SI266220200309225433,7,126,170,10504.609,132,0,10150.396,127,170,9962.965,133,0,9470.436,127,169,9189.855,43,2025-06-25T14:43:33.780945284Z
217,SI266220200309225433,9,485,52,8611.083,484,52,8534.78,483,52,8302.448,491,58,8272.425,498,173,8198.527,25,2025-06-25T14:43:33.804639369Z
231,SI266220200309225433,7,94,20,12966.742,94,21,11692.887,93,3,11671.082,93,2,11058.238,94,4,11006.398,65,2025-06-25T14:43:33.828007855Z
233,SI266220200309225433,9,440,156,12095.589,446,168,11545.559,441,156,11110.889,446,169,10839.248,445,168,10631.068,55,2025-06-25T14:43:33.841944668Z
247,SI266220200309225433,7,95,38,14083.543,96,41,13742.594,95,37,13095.586,96,40,12908.703,94,39,12572.992,80,2025-06-25T14:43:33.896933452Z
249,SI266220200309225433,9,487,60,9515.43,487,61,9468.973,479,57,9318.379,487,65,9155.523,487,62,9130.254,49,2025-06-25T14:43:33.956469948Z
263,SI266220200309225433,7,94,353,11496.852,94,352,11335.203,95,351,11166.891,185,41,10833.008,94,354,10588.027,73,2025-06-25T14:43:33.986295986Z
265,SI266220200309225433,9,481,57,11388.691,482,56,11386.695,482,57,11213.16,480,57,11097.223,446,251,11027.129,27,2025-06-25T14:43:34.038577864Z
279,SI266220200309225433,7,93,1,11515.559,119,41,11026.367,94,1,10920.852,93,2,10820.328,118,41,10519.594,41,2025-06-25T14:43:34.059709406Z
281,SI266220200309225433,9,447,328,11084.648,446,329,10832.055,447,167,10572.863,446,337,10511.203,446,165,10200.8125,23,2025-06-25T14:43:34.088877964Z
297,SI266220200309225433,9,474,59,8710.235,474,60,8050.009,474,58,7932.2275,475,58,7931.6055,479,59,7784.4414,30,2025-06-25T14:43:34.153513403Z
295,SI266220200309225433,7,112,28,10728.582,112,27,10479.475,157,23,9674.301,158,23,9654.801,113,29,9601.887,71,2025-06-25T14:43:34.108649748Z
311,SI266220200309225433,7,111,0,16328.238,111,1,15064.783,118,4,14980.854,183,41,14115.311,118,5,13579.598,75,2025-06-25T14:43:34.177131819Z
329,SI266220200309225433,9,487,59,10313.418,487,58,10135.078,478,57,10111.031,487,67,10082.156,487,60,9862.922,41,2025-06-25T14:43:34.263611776Z
327,SI266220200309225433,7,93,32,13537.143,94,26,12430.6875,94,28,12310.578,93,33,12102.736,93,31,11913.457,63,2025-06-25T14:43:34.257667192Z
343,SI266220200309225433,7,184,40,12038.152,184,39,11157.586,127,167,11060.832,132,165,10835.59,126,166,10775.039,64,2025-06-25T14:43:34.330841159Z
345,SI266220200309225433,9,445,255,11335.373,446,252,10808.074,445,254,10714.752,458,251,10622.703,452,251,10349.578,20,2025-06-25T14:43:34.376523239Z
359,SI266220200309225433,7,179,42,17460.152,180,43,15134.105,180,42,15113.773,179,43,14794.201,184,39,14528.215,37,2025-06-25T14:43:34.398797748Z
361,SI266220200309225433,9,447,339,10269.855,446,158,10090.996,447,157,9701.543,446,338,9024.891,446,330,9007.273,17,2025-06-25T14:43:34.422751984Z
377,SI266220200309225433,9,447,338,12255.609,446,337,11344.246,448,338,11011.594,447,166,10885.406,448,339,10602.887,18,2025-06-25T14:43:34.490484957Z
375,SI266220200309225433,7,103,42,14565.598,131,22,14305.674,114,41,14065.184,131,406,13900.127,143,42,13494.301,71,2025-06-25T14:43:34.445388479Z
391,SI266220200309225433,7,172,45,11923.916,178,45,11896.44,170,45,11466.802,166,44,11379.348,177,45,11324.403,80,2025-06-25T14:43:34.517248154Z
407,SI266220200309225433,7,185,2,16090.051,185,1,15508.52,184,6,14592.078,94,20,14141.83,184,7,13953.4375,75,2025-06-25T14:43:34.601642617Z
409,SI266220200309225433,9,485,56,11592.742,486,56,11391.75,487,56,11367.498,487,57,10904.277,487,61,10589.145,31,2025-06-25T14:43:34.605926929Z
425,SI266220200309225433,9,487,57,11282.27,446,251,10664.346,447,251,10637.43,487,58,10573.375,448,251,10528.32,25,2025-06-25T14:43:34.699120075Z
423,SI266220200309225433,7,94,351,10546.668,95,351,10354.805,93,38,9969.109,127,170,9910.082,127,169,9902.531,43,2025-06-25T14:43:34.666729424Z
439,SI266220200309225433,7,94,351,11235.656,94,352,10950.566,184,40,10907.918,183,41,10407.125,95,351,10402.602,73,2025-06-25T14:43:34.721031711Z
441,SI266220200309225433,9,447,251,11142.27,446,252,10234.918,448,251,10228.867,447,252,10123.594,449,251,10015.105,18,2025-06-25T14:43:34.772350919Z
457,SI266220200309225433,9,447,338,10801.582,447,167,10791.785,448,168,10530.789,446,336,10495.047,452,169,10494.09,29,2025-06-25T14:43:34.849960752Z
455,SI266220200309225433,7,130,41,13979.516,135,41,13794.762,134,41,13233.418,136,41,13143.684,93,34,13001.531,78,2025-06-25T14:43:34.799906231Z
471,SI266220200309225433,7,121,431,11979.588,121,432,11885.096,98,20,10647.359,120,432,10090.178,136,17,9750.273,89,2025-06-25T14:43:34.886124919Z
473,SI266220200309225433,9,482,57,12666.371,481,57,12420.492,479,61,11803.844,479,58,11653.504,480,57,11639.039,25,2025-06-25T14:43:34.953888386Z
487,SI266220200309225433,7,126,19,20039.373,126,20,18508.906,128,15,17198.402,122,16,16804.63,184,40,15974.672,47,2025-06-25T14:43:34.975966120Z
503,SI266220200309225433,7,94,40,17739.78,94,34,15990.926,94,39,15594.18,94,28,15594.172,93,39,15511.373,54,2025-06-25T14:43:35.031428990Z
505,SI266220200309225433,9,487,60,10236.6875,487,61,10204.539,485,57,9821.4375,479,58,9557.0,479,60,9387.777,23,2025-06-25T14:43:35.072561830Z
521,SI266220200309225433,9,479,57,10964.898,479,59,10626.383,479,60,10391.508,478,59,10175.605,478,60,10121.672,19,2025-06-25T14:43:35.133566459Z
519,SI266220200309225433,7,124,440,10827.012,126,167,10773.082,126,165,10677.75,123,440,10645.033,126,166,10218.039,48,2025-06-25T14:43:35.094574363Z
537,SI266220200309225433,9,447,157,10299.336,446,158,10220.4375,446,166,9927.082,446,329,9906.711,449,339,9738.484,27,2025-06-25T14:43:35.193149178Z
535,SI266220200309225433,7,93,10,14394.594,93,3,14196.367,92,2,13847.381,93,2,12968.203,93,9,12231.074,60,2025-06-25T14:43:35.155211924Z
551,SI266220200309225433,7,110,429,12642.441,110,430,11704.85,106,20,11096.977,159,24,11033.822,184,378,10472.352,70,2025-06-25T14:43:35.220432688Z
553,SI266220200309225433,9,481,56,9804.957,483,56,9351.73,474,59,8891.44,482,56,8661.691,484,56,8583.953,32,2025-06-25T14:43:35.269341042Z
567,SI266220200309225433,7,178,42,12172.93,94,18,12055.479,177,42,11742.523,184,40,11715.662,184,39,11601.867,79,2025-06-25T14:43:35.292931752Z
569,SI266220200309225433,9,480,250,11451.434,484,250,11078.146,481,250,10089.654,483,250,10024.668,482,250,9966.68,23,2025-06-25T14:43:35.355062615Z
585,SI266220200309225433,9,487,56,9834.996,446,339,9800.477,446,340,9666.328,445,338,9561.205,447,340,9390.855,20,2025-06-25T14:43:35.419845438Z
583,SI266220200309225433,7,93,29,15480.068,93,30,14688.715,94,25,14381.359,111,22,14296.52,110,21,14102.609,59,2025-06-25T14:43:35.376195627Z
601,SI266220200309225433,9,483,56,13535.137,478,59,13241.109,482,56,13235.707,487,61,13141.758,478,60,13084.207,14,2025-06-25T14:43:35.474214201Z
599,SI266220200309225433,7,184,40,13202.371,183,41,12446.551,184,39,12090.496,94,351,11006.773,126,168,10521.668,52,2025-06-25T14:43:35.436402064Z
615,SI266220200309225433,7,194,138,23075.85,195,138,23064.037,195,137,20730.879,194,137,20212.934,194,139,17023.994,61,2025-06-25T14:43:35.495805022Z
617,SI266220200309225433,9,447,156,9494.82,442,257,9459.76,446,157,9100.0,442,256,8898.629,446,162,8754.254,18,2025-06-25T14:43:35.539869098Z
633,SI266220200309225433,9,447,163,13269.754,447,162,12645.363,447,164,12011.086,446,163,11415.992,446,164,11249.715,25,2025-06-25T14:43:35.595198911Z
631,SI266220200309225433,7,171,421,14489.643,172,421,13583.826,173,420,13515.943,144,41,12618.445,145,41,12578.648,46,2025-06-25T14:43:35.564565617Z
647,SI266220200309225433,7,133,434,11772.592,170,420,11702.418,91,373,11658.566,133,433,11044.521,134,433,10720.486,72,2025-06-25T14:43:35.614714907Z
649,SI266220200309225433,9,479,57,9932.457,481,56,9914.1875,478,60,9901.051,479,58,9715.406,480,56,9709.34,24,2025-06-25T14:43:35.671108144Z
665,SI266220200309225433,9,485,52,8719.843,480,52,8659.643,450,166,8505.75,486,52,8386.584,495,81,8333.545,50,2025-06-25T14:43:35.699850197Z
663,SI266220200309225433,7,185,9,16448.867,184,14,15097.348,185,10,15046.395,185,24,15030.523,184,15,14778.168,63,2025-06-25T14:43:35.689521466Z
681,SI266220200309225433,9,482,52,10886.364,483,52,10575.667,487,60,9908.051,487,59,9810.77,478,57,9599.609,19,2025-06-25T14:43:35.783039591Z
679,SI266220200309225433,7,93,31,11727.32,93,30,11554.102,94,31,10575.488,94,32,10545.941,133,220,10458.293,59,2025-06-25T14:43:35.745758540Z
695,SI266220200309225433,7,93,15,11342.848,94,351,11236.9375,183,41,11142.941,93,6,11123.684,93,5,11058.465,49,2025-06-25T14:43:35.808622416Z
697,SI266220200309225433,9,447,251,11256.887,448,251,10682.047,449,251,10466.504,446,254,10348.922,447,252,10266.215,49,2025-06-25T14:43:35.810730136Z
711,SI266220200309225433,7,93,34,13201.219,93,35,13137.426,127,41,12859.293,93,33,12806.859,118,41,12752.816,43,2025-06-25T14:43:35.858453879Z
713,SI266220200309225433,9,447,165,11408.738,447,337,10823.648,446,330,10790.031,446,329,10736.961,447,328,10719.758,25,2025-06-25T14:43:35.892960082Z
727,SI266220200309225433,7,109,409,13394.707,108,409,13243.057,113,13,11301.008,106,22,10710.461,114,18,10666.121,78,2025-06-25T14:43:35.906343354Z
729,SI266220200309225433,9,484,56,11609.082,483,56,11478.984,485,57,10928.148,486,57,10791.324,481,56,10373.781,35,2025-06-25T14:43:35.959590911Z
745,SI266220200309225433,9,456,128,8444.492,480,57,8416.523,479,58,8403.816,479,57,8321.461,461,107,8246.0,26,2025-06-25T14:43:36.014681637Z
743,SI266220200309225433,7,184,38,14709.035,184,39,14097.672,185,35,13516.277,184,32,13429.332,185,36,13321.25,35,2025-06-25T14:43:35.991937705Z
759,SI266220200309225433,7,92,36,18213.463,92,34,17301.117,92,35,16788.557,92,37,16757.25,93,40,16585.145,28,2025-06-25T14:43:36.069011119Z
761,SI266220200309225433,9,446,339,11215.145,445,339,11210.506,446,340,10855.672,445,338,10455.641,446,338,10282.582,27,2025-06-25T14:43:36.072842782Z
775,SI266220200309225433,7,127,166,11309.633,127,167,11149.5,93,1,11018.059,89,1,10795.098,127,168,10688.832,59,2025-06-25T14:43:36.128731989Z
777,SI266220200309225433,9,486,57,11114.574,484,56,10403.156,485,57,10237.824,478,62,10172.961,455,251,10091.902,26,2025-06-25T14:43:36.171202337Z
793,SI266220200309225433,9,446,331,10727.52,446,330,10077.535,445,332,9906.709,445,331,9894.859,498,247,9409.766,44,2025-06-25T14:43:36.233832446Z
791,SI266220200309225433,7,181,41,13230.383,92,1,12964.979,175,42,12861.434,176,41,12466.715,183,40,12387.223,58,2025-06-25T14:43:36.189753465Z
809,SI266220200309225433,9,482,56,10567.0,479,57,9792.906,483,56,9732.691,478,63,9479.535,481,56,9207.953,16,2025-06-25T14:43:36.289203468Z
807,SI266220200309225433,7,162,18,13249.162,161,8,12677.635,149,27,12662.58,163,13,12652.172,162,19,12558.74,36,2025-06-25T14:43:36.269130893Z
823,SI266220200309225433,7,93,389,12147.936,94,389,10682.49,93,388,10657.578,93,390,10645.039,185,28,10032.443,67,2025-06-25T14:43:36.308777603Z
841,SI266220200309225433,9,487,61,13799.648,487,60,13042.961,487,62,12531.711,484,56,12325.5,483,56,11757.1875,26,2025-06-25T14:43:36.389625604Z
839,SI266220200309225433,7,185,1,16967.062,185,2,15740.855,112,15,15182.996,113,15,15089.434,112,14,14668.273,60,2025-06-25T14:43:36.386396382Z
857,SI266220200309225433,9,446,251,13979.221,446,252,12170.574,448,250,11983.748,445,253,11928.045,447,250,11651.227,19,2025-06-25T14:43:36.484464215Z
855,SI266220200309225433,7,184,40,11968.195,184,39,11508.906,95,38,11152.984,94,37,10601.82,95,37,10589.715,74,2025-06-25T14:43:36.444654263Z
871,SI266220200309225433,7,165,250,15514.416,178,41,13791.527,176,41,13563.191,177,41,13502.254,166,250,13289.036,64,2025-06-25T14:43:36.518740849Z
873,SI266220200309225433,9,446,251,10338.652,446,252,9797.461,447,251,9420.297,446,253,9377.477,442,253,9112.459,19,2025-06-25T14:43:36.564180990Z
889,SI266220200309225433,9,446,163,11374.227,446,164,11264.781,446,335,10968.172,448,339,10935.594,447,163,10922.336,17,2025-06-25T14:43:36.610294934Z
887,SI266220200309225433,7,98,41,14582.23,97,41,14499.219,96,41,12899.922,93,38,12758.773,93,39,12745.227,47,2025-06-25T14:43:36.584705969Z
905,SI266220200309225433,9,479,60,12519.73,479,58,12478.398,479,59,12366.898,479,57,12267.383,481,56,12087.77,20,2025-06-25T14:43:36.680462288Z
903,SI266220200309225433,7,150,349,11432.523,134,6,11398.828,134,5,11229.248,165,44,10902.1,151,349,10600.234,52,2025-06-25T14:43:36.640677098Z
919,SI266220200309225433,7,115,18,19040.953,120,8,17598.816,112,7,17374.668,126,13,17295.393,126,12,16438.963,72,2025-06-25T14:43:36.710003188Z
921,SI266220200309225433,9,485,52,8042.5693,484,52,8002.7305,485,53,7974.377,491,58,7782.9062,498,343,7757.3057,20,2025-06-25T14:43:36.763235764Z
935,SI266220200309225433,7,94,40,13691.375,95,39,13609.789,101,252,13495.732,102,252,13433.166,94,33,12771.973,75,2025-06-25T14:43:36.792234402Z
937,SI266220200309225433,9,486,57,9490.785,487,60,9098.934,484,52,9094.355,487,59,8885.102,483,52,8876.296,19,2025-06-25T14:43:36.851275694Z
953,SI266220200309225433,9,480,57,11348.605,453,251,11332.117,446,255,11220.055,481,56,11169.418,479,57,10889.238,26,2025-06-25T14:43:36.919612255Z
951,SI266220200309225433,7,94,34,10922.484,184,42,10485.881,95,362,10368.816,93,357,10142.668,96,350,10130.652,57,2025-06-25T14:43:36.876677629Z
969,SI266220200309225433,9,446,328,11232.93,446,164,10946.984,446,329,10894.887,446,332,10827.117,447,326,10814.504,15,2025-06-25T14:43:36.980201798Z
967,SI266220200309225433,7,180,41,13691.07,177,41,13137.691,176,41,13060.43,93,10,12742.969,179,41,12601.547,54,2025-06-25T14:43:36.942194205Z
983,SI266220200309225433,7,162,16,17293.422,153,15,16969.777,161,15,16027.518,156,20,15949.0625,154,16,15494.397,83,2025-06-25T14:43:37.001038024Z
985,SI266220200309225433,9,485,56,10369.59,484,56,9457.652,486,57,9252.102,485,57,8690.508,486,56,8656.668,22,2025-06-25T14:43:37.065300970Z
999,SI266220200309225433,7,183,41,14916.809,185,37,14069.109,185,36,13593.98,185,38,13485.859,184,41,12546.289,84,2025-06-25T14:43:37.085348024Z
1017,SI266220200309225433,9,487,62,10512.789,487,63,10439.145,488,64,10300.395,487,61,10200.441,487,60,10055.125,36,2025-06-25T14:43:37.172836276Z
1015,SI266220200309225433,7,93,23,18194.469,93,24,16662.986,94,22,14763.559,94,23,14647.859,92,27,14288.002,71,2025-06-25T14:43:37.169920127Z
1031,SI266220200309225433,7,184,423,10732.105,184,422,10721.016,127,170,10071.176,185,40,9932.254,129,165,9807.461,59,2025-06-25T14:43:37.242190251Z
1033,SI266220200309225433,9,487,60,11353.426,479,58,11014.523,446,256,11012.672,448,251,10990.43,483,52,10832.788,29,2025-06-25T14:43:37.275165194Z
1047,SI266220200309225433,7,182,41,14352.5,179,42,13210.547,178,42,12926.16,175,42,12777.699,174,42,12750.961,52,2025-06-25T14:43:37.293489582Z
1049,SI266220200309225433,9,446,161,9657.863,447,328,9569.8125,446,329,9013.379,447,327,8939.391,442,337,8896.0625,42,2025-06-25T14:43:37.330368397Z
1063,SI266220200309225433,7,102,42,14258.949,111,41,13750.527,101,42,13303.566,110,41,12768.168,100,42,12642.531,21,2025-06-25T14:43:37.369999607Z
1065,SI266220200309225433,9,447,337,11223.348,447,338,10623.195,447,339,9995.941,446,338,9905.281,446,335,9400.059,32,2025-06-25T14:43:37.371369062Z
1079,SI266220200309225433,7,91,371,14894.725,91,372,13060.051,90,371,12816.789,92,371,12653.205,91,370,11582.344,71,2025-06-25T14:43:37.403763799Z
1097,SI266220200309225433,9,487,61,11816.281,487,64,10494.672,485,56,10430.879,486,64,10422.527,487,62,10392.445,25,2025-06-25T14:43:37.483822435Z
1095,SI266220200309225433,7,185,6,14972.203,185,5,14359.723,185,1,14210.719,184,6,13840.0625,185,2,13482.695,50,2025-06-25T14:43:37.481142388Z
1111,SI266220200309225433,7,94,40,14619.166,93,39,14046.541,93,40,13785.117,93,38,13675.207,92,37,13514.275,53,2025-06-25T14:43:37.532350693Z
1113,SI266220200309225433,9,446,251,13887.371,447,251,13472.551,446,252,13223.398,446,253,11723.609,447,252,11640.176,20,2025-06-25T14:43:37.569161428Z
1129,SI266220200309225433,9,447,251,13218.672,449,251,13125.48,450,251,12629.348,449,250,12587.754,448,251,12555.371,24,2025-06-25T14:43:37.624888362Z
1127,SI266220200309225433,7,93,39,12477.758,93,40,11651.715,94,41,11486.711,93,29,11090.867,93,30,11053.781,63,2025-06-25T14:43:37.585850575Z
1145,SI266220200309225433,9,446,336,10849.051,446,332,10678.141,446,164,10612.934,446,334,10378.891,446,165,10357.594,18,2025-06-25T14:43:37.685589376Z
1143,SI266220200309225433,7,131,42,13699.537,129,41,13261.535,93,38,13152.168,130,42,12897.842,128,41,12878.91,59,2025-06-25T14:43:37.647194102Z
1159,SI266220200309225433,7,120,23,11887.867,139,40,11156.422,177,422,10641.765,129,231,10532.564,122,436,10253.832,70,2025-06-25T14:43:37.712516751Z
1161,SI266220200309225433,9,479,57,13368.551,480,56,13311.527,486,58,13238.508,479,60,13178.539,479,59,12891.828,17,2025-06-25T14:43:37.760085873Z
1175,SI266220200309225433,7,183,39,14001.586,184,39,13393.414,183,40,12813.809,184,38,12764.328,182,40,12692.598,66,2025-06-25T14:43:37.785180348Z
1191,SI266220200309225433,7,93,33,19477.266,93,41,18617.143,93,40,17633.537,94,41,17176.764,93,34,16835.71,63,2025-06-25T14:43:37.846205924Z
1193,SI266220200309225433,9,480,57,11963.109,276,255,10712.061,486,57,10710.742,479,57,10215.84,276,254,10040.566,25,2025-06-25T14:43:37.885411836Z
1207,SI266220200309225433,7,94,353,10503.805,129,165,10485.883,94,354,10474.57,95,351,10263.406,127,167,9958.0,50,2025-06-25T14:43:37.902800731Z
1209,SI266220200309225433,9,456,250,11343.498,480,57,11207.859,481,56,11090.066,479,57,10897.816,483,56,10874.898,30,2025-06-25T14:43:37.935483331Z
1225,SI266220200309225433,9,446,329,11216.551,447,338,10715.309,446,330,10565.379,446,337,10311.547,448,339,10065.566,21,2025-06-25T14:43:37.986464223Z
1223,SI266220200309225433,7,92,1,13924.84,92,2,12025.232,93,0,11717.602,93,1,10925.902,93,40,10754.258,42,2025-06-25T14:43:37.959663532Z
1239,SI266220200309225433,7,100,372,12493.75,116,427,12478.367,112,391,11712.17,101,372,11471.904,102,372,11202.824,67,2025-06-25T14:43:38.013058118Z
1241,SI266220200309225433,9,478,61,9294.4375,482,56,9091.07,478,62,8867.641,484,57,8744.879,483,56,8738.98,26,2025-06-25T14:43:38.057834861Z
1257,SI266220200309225433,9,448,252,8531.59,448,253,8323.32,449,252,8306.566,449,251,8291.766,448,251,8053.2734,14,2025-06-25T14:43:38.129702804Z
1255,SI266220200309225433,7,184,40,12130.023,185,23,11153.668,184,39,11008.184,183,40,10705.727,185,22,10672.031,50,2025-06-25T14:43:38.090250328Z
1273,SI266220200309225433,9,446,169,10050.072,445,168,9997.391,445,169,9833.982,446,168,9737.121,446,339,9683.721,56,2025-06-25T14:43:38.146414062Z
1271,SI266220200309225433,7,108,1,13336.09,119,441,12848.631,105,16,12799.117,92,41,12409.137,105,15,12407.535,58,2025-06-25T14:43:38.144815367Z
1287,SI266220200309225433,7,184,39,12060.195,183,40,11473.832,129,165,11138.445,184,38,10646.492,128,165,10553.977,80,2025-06-25T14:43:38.199700055Z
1289,SI266220200309225433,9,485,57,12861.695,487,62,12497.859,487,63,11958.699,479,58,11925.605,480,57,11856.066,20,2025-06-25T14:43:38.264007289Z
1303,SI266220200309225433,7,175,41,13060.379,184,36,13023.32,174,41,13023.293,184,35,12277.621,184,39,12002.539,56,2025-06-25T14:43:38.287970091Z
1305,SI266220200309225433,9,447,156,10411.277,447,157,9357.055,446,157,9294.922,448,155,9175.043,446,160,9007.824,21,2025-06-25T14:43:38.322150130Z
1319,SI266220200309225433,7,105,41,14338.156,106,41,13870.617,109,41,13835.977,110,41,13770.0625,108,41,13330.328,46,2025-06-25T14:43:38.341241920Z
1321,SI266220200309225433,9,447,164,11594.941,447,163,10589.035,456,339,10523.012,448,338,10188.875,447,165,10006.27,14,2025-06-25T14:43:38.380222757Z
1335,SI266220200309225433,7,158,44,12004.566,159,44,11717.559,160,44,11631.008,157,44,11584.689,150,44,10996.166,70,2025-06-25T14:43:38.397198040Z
1337,SI266220200309225433,9,448,252,9777.781,447,253,9350.043,449,251,9325.078,447,252,9203.773,448,251,8977.48,19,2025-06-25T14:43:38.448983936Z
1353,SI266220200309225433,9,485,52,8536.447,491,58,8226.221,491,57,7999.7812,486,53,7971.9824,484,52,7800.4336,48,2025-06-25T14:43:38.466470458Z
1351,SI266220200309225433,7,184,20,14979.93,185,25,14197.914,184,21,13729.848,185,24,13710.547,185,8,13369.227,56,2025-06-25T14:43:38.464556718Z
1367,SI266220200309225433,7,93,38,9294.703,94,33,9078.277,159,236,9049.012,95,33,9025.457,160,236,8935.564,66,2025-06-25T14:43:38.516294811Z
1369,SI266220200309225433,9,486,58,9694.145,487,58,9402.605,487,61,9235.461,487,60,9217.391,487,59,9055.004,17,2025-06-25T14:43:38.564035377Z
1385,SI266220200309225433,9,448,251,11544.469,447,253,11132.586,447,252,10692.094,447,261,10474.949,446,260,10362.074,19,2025-06-25T14:43:38.628270878Z
1383,SI266220200309225433,7,184,41,11106.104,184,40,10903.18,184,39,10843.445,94,359,10834.555,95,352,10780.352,61,2025-06-25T14:43:38.586627899Z
1401,SI266220200309225433,9,446,331,11751.439,447,167,10640.836,447,158,10627.141,447,337,10586.949,446,332,10536.574,14,2025-06-25T14:43:38.686198065Z
1399,SI266220200309225433,7,93,37,12893.934,93,30,12167.711,93,38,12120.746,93,40,12062.811,94,41,11803.869,50,2025-06-25T14:43:38.649342758Z
1415,SI266220200309225433,7,121,29,13323.488,120,29,12561.744,133,23,12354.947,120,28,12096.199,119,29,11078.91,71,2025-06-25T14:43:38.701823992Z
1417,SI266220200309225433,9,483,56,12925.418,484,56,12179.031,482,56,11861.633,485,56,11853.941,483,55,11226.77,23,2025-06-25T14:43:38.748217167Z
1431,SI266220200309225433,7,183,40,15635.148,184,38,14590.457,184,39,14581.832,77,229,14286.404,184,40,14145.715,69,2025-06-25T14:43:38.772890607Z
1447,SI266220200309225433,7,94,41,17246.69,97,41,15288.234,93,40,15250.674,95,41,14978.512,94,28,14505.098,57,2025-06-25T14:43:38.834673302Z
1449,SI266220200309225433,9,483,56,11693.211,487,62,11510.473,487,57,11123.602,487,59,10823.477,487,58,10810.867,12,2025-06-25T14:43:38.878066555Z
1465,SI266220200309225433,9,479,57,10865.441,486,57,10772.465,482,56,10769.258,484,52,10617.375,483,52,10570.774,22,2025-06-25T14:43:38.927029887Z
1463,SI266220200309225433,7,162,440,10347.873,127,166,10238.867,129,165,10038.129,126,166,9806.555,161,440,9751.615,43,2025-06-25T14:43:38.895249300Z
1481,SI266220200309225433,9,446,334,10522.809,446,159,10278.508,446,164,9819.43,446,333,9725.609,447,165,9605.727,14,2025-06-25T14:43:38.986237318Z
1479,SI266220200309225433,7,175,41,14565.254,176,41,14123.184,183,41,13878.516,169,41,13274.445,184,40,13104.137,44,2025-06-25T14:43:38.953287098Z
1495,SI266220200309225433,7,107,409,13852.904,158,2,13840.266,178,384,13209.676,111,384,12877.021,108,40,12522.254,65,2025-06-25T14:43:39.005359716Z
1497,SI266220200309225433,9,485,57,9463.566,483,56,9050.461,483,57,8951.91,486,58,8899.664,482,56,8402.609,21,2025-06-25T14:43:39.049108827Z
1511,SI266220200309225433,7,185,2,9898.846,95,2,9699.715,151,266,9604.316,156,41,9353.348,95,1,9231.422,64,2025-06-25T14:43:39.067635122Z
1527,SI266220200309225433,7,185,1,16529.316,185,2,14894.051,185,0,13488.914,184,1,12562.703,185,4,12505.039,29,2025-06-25T14:43:39.136218027Z
1529,SI266220200309225433,9,487,57,12395.41,487,58,12123.246,486,56,11891.957,486,58,11539.949,487,59,11532.1875,24,2025-06-25T14:43:39.139629683Z
1545,SI266220200309225433,9,446,251,14771.631,445,253,13528.922,446,252,13217.969,445,254,12891.908,445,252,12379.887,20,2025-06-25T14:43:39.204061550Z
1543,SI266220200309225433,7,127,170,9847.879,127,169,9647.77,127,166,9638.355,94,352,9565.953,128,165,9551.32,57,2025-06-25T14:43:39.160698396Z
1559,SI266220200309225433,7,119,45,13383.121,118,45,12216.404,118,46,12079.594,120,45,12052.094,150,45,11821.027,64,2025-06-25T14:43:39.230438361Z
1561,SI266220200309225433,9,442,253,8786.335,442,252,8696.973,442,254,8567.507,448,153,8414.008,498,247,8279.577,19,2025-06-25T14:43:39.282660474Z
1577,SI266220200309225433,9,446,338,11839.973,447,339,11110.395,446,337,10833.309,452,339,10564.352,451,169,10382.586,18,2025-06-25T14:43:39.345718590Z
1575,SI266220200309225433,7,163,45,18429.492,162,45,17237.473,163,44,15307.656,162,46,14915.113,164,44,14421.645,56,2025-06-25T14:43:39.301544508Z
1593,SI266220200309225433,9,482,56,12014.707,479,58,11893.488,479,57,11681.93,480,57,11651.5625,480,56,11650.902,20,2025-06-25T14:43:39.407418034Z
1591,SI266220200309225433,7,147,44,13968.342,133,430,13358.15,133,431,13232.105,129,430,13094.847,147,43,12727.898,58,2025-06-25T14:43:39.362555357Z
1607,SI266220200309225433,7,109,13,14300.234,109,15,14123.91,109,14,14042.781,109,12,14005.07,184,27,13132.848,59,2025-06-25T14:43:39.427619736Z
1609,SI266220200309225433,9,484,52,7382.797,485,53,7217.7,449,162,7143.7812,484,53,7010.157,449,165,6979.035,65,2025-06-25T14:43:39.430352336Z
1625,SI266220200309225433,9,478,57,10038.773,487,58,8999.352,479,56,8791.617,478,62,8751.41,487,63,8665.566,21,2025-06-25T14:43:39.531942497Z
1623,SI266220200309225433,7,182,351,11086.602,181,350,10865.129,181,351,10828.184,183,351,10526.203,182,350,10456.086,54,2025-06-25T14:43:39.493492199Z
1641,SI266220200309225433,9,479,57,11843.043,456,251,11234.496,480,57,10806.3125,447,251,10771.82,450,250,10740.143,16,2025-06-25T14:43:39.590855389Z
1639,SI266220200309225433,7,149,41,12771.434,136,445,12014.703,135,45,11955.039,134,45,11562.396,137,445,11345.373,63,2025-06-25T14:43:39.547348565Z
1655,SI266220200309225433,7,134,43,13500.117,93,23,13289.355,133,43,13275.285,93,24,13118.98,93,28,12914.703,66,2025-06-25T14:43:39.612388067Z
1657,SI266220200309225433,9,446,332,11288.402,446,336,10627.691,446,333,10624.738,447,167,10620.609,446,335,10615.953,28,2025-06-25T14:43:39.657910319Z
1673,SI266220200309225433,9,486,56,11684.984,487,57,11407.691,485,56,10031.961,486,57,9879.094,487,58,8893.602,16,2025-06-25T14:43:39.744244686Z
1671,SI266220200309225433,7,112,26,11183.906,164,10,10794.641,118,188,10789.039,106,21,10609.492,107,21,10585.137,73,2025-06-25T14:43:39.677418500Z
1687,SI266220200309225433,7,185,37,14009.275,185,38,13849.723,183,41,13076.098,185,36,12771.627,184,41,12647.07,56,2025-06-25T14:43:39.764677935Z
1703,SI266220200309225433,7,170,442,12306.354,169,442,11716.768,182,351,11628.992,178,351,11528.477,183,351,11412.516,71,2025-06-25T14:43:39.817015936Z
1705,SI266220200309225433,9,487,62,12828.707,487,61,12277.539,486,57,11626.973,486,63,11349.988,480,57,11328.301,33,2025-06-25T14:43:39.861660071Z
1721,SI266220200309225433,9,446,252,11375.109,445,255,10916.883,457,251,10902.773,445,256,10764.227,446,254,10531.699,15,2025-06-25T14:43:39.938544281Z
1719,SI266220200309225433,7,184,41,13131.439,184,40,12216.449,127,166,11342.469,128,165,10916.457,156,255,10727.047,61,2025-06-25T14:43:39.885986664Z
1737,SI266220200309225433,9,446,160,9313.043,446,161,9105.77,446,326,9086.488,446,163,9028.246,446,162,8986.699,25,2025-06-25T14:43:40.003082007Z
1735,SI266220200309225433,7,183,41,14077.871,179,42,13819.66,182,42,13789.939,149,45,13483.586,148,45,13224.795,62,2025-06-25T14:43:39.957724067Z
1751,SI266220200309225433,7,133,44,19315.158,133,43,16630.24,134,43,15357.986,103,41,14860.086,104,41,14673.281,57,2025-06-25T14:43:40.026726404Z
1753,SI266220200309225433,9,485,57,9388.699,448,167,9118.867,449,167,8837.391,447,166,8780.832,443,165,8676.083,26,2025-06-25T14:43:40.061980143Z
1767,SI266220200309225433,7,133,45,15355.193,132,44,13638.785,133,44,13216.545,135,44,12864.509,134,44,12438.11,84,2025-06-25T14:43:40.086151772Z
1785,SI266220200309225433,9,483,56,12001.457,487,61,11983.906,484,57,11867.0,484,56,11495.555,486,56,11102.0,22,2025-06-25T14:43:40.189741092Z
1783,SI266220200309225433,7,185,2,15505.336,184,4,15388.75,185,3,15208.9375,185,1,15112.934,184,5,14852.379,89,2025-06-25T14:43:40.183247469Z
1801,SI266220200309225433,9,447,251,12742.047,446,252,12172.16,448,251,11217.555,449,251,11198.668,450,250,11193.35,17,2025-06-25T14:43:40.280361819Z
1799,SI266220200309225433,7,94,1,10075.422,127,167,9616.609,94,0,9483.402,94,2,9386.332,126,169,9347.852,43,2025-06-25T14:43:40.255411515Z
1815,SI266220200309225433,7,162,45,11800.176,166,45,11414.648,184,41,11208.408,164,45,11105.746,95,351,11001.953,74,2025-06-25T14:43:40.297413419Z
1817,SI266220200309225433,9,447,251,12522.098,447,252,12059.93,448,251,11909.824,446,253,11653.375,450,251,11508.09,20,2025-06-25T14:43:40.350463788Z
1831,SI266220200309225433,7,93,33,12174.926,93,32,11736.691,93,34,11720.477,93,39,11719.555,93,38,11355.285,72,2025-06-25T14:43:40.366058934Z
1833,SI266220200309225433,9,447,167,11767.8125,446,166,11306.25,453,339,11045.227,446,161,11040.777,446,336,10571.031,24,2025-06-25T14:43:40.420412624Z
1847,SI266220200309225433,7,162,45,13568.305,163,45,13096.977,162,44,12108.412,161,45,11398.932,164,45,11300.328,50,2025-06-25T14:43:40.440186994Z
1849,SI266220200309225433,9,482,56,12016.043,481,56,11874.645,480,56,11872.793,479,57,11842.156,483,56,11096.031,22,2025-06-25T14:43:40.479198162Z
1865,SI266220200309225433,9,474,463,14159.572,475,462,12755.964,474,462,12602.762,475,463,12179.557,476,462,10835.477,64,2025-06-25T14:43:40.498898789Z
1863,SI266220200309225433,7,184,40,15235.129,183,41,14995.83,116,195,13801.682,183,40,13511.125,185,36,13470.857,61,2025-06-25T14:43:40.495386483Z
1881,SI266220200309225433,9,487,66,9929.6875,487,57,9595.121,487,65,9446.34,478,59,8984.48,486,67,8953.262,20,2025-06-25T14:43:40.592022675Z
1879,SI266220200309225433,7,93,39,14313.521,134,279,13755.328,94,30,13750.047,93,38,13673.582,92,36,12811.217,55,2025-06-25T14:43:40.557757267Z
1895,SI266220200309225433,7,129,165,11637.035,128,165,11077.07,129,164,10888.684,130,164,10544.945,185,38,10419.129,53,2025-06-25T14:43:40.617848166Z
1897,SI266220200309225433,9,482,56,12538.809,478,61,12173.691,481,56,12145.277,478,60,12141.594,483,56,12135.641,15,2025-06-25T14:43:40.656675293Z
1911,SI266220200309225433,7,93,6,12419.637,93,1,12233.75,93,5,12186.281,181,40,11969.398,93,7,11891.68,59,2025-06-25T14:43:40.678172059Z
1913,SI266220200309225433,9,446,332,10523.014,446,166,10336.289,446,336,10258.852,447,167,9915.391,447,337,9857.078,28,2025-06-25T14:43:40.719701567Z
1927,SI266220200309225433,7,170,10,12716.023,115,428,11992.199,109,396,11481.664,147,24,11440.398,110,395,11332.428,43,2025-06-25T14:43:40.745499301Z
1929,SI266220200309225433,9,484,56,9125.09,480,57,8756.914,485,57,8716.016,474,59,8390.775,479,58,8294.422,20,2025-06-25T14:43:40.775897650Z
1943,SI266220200309225433,7,94,350,12769.346,184,40,12600.949,183,41,11818.152,96,350,11592.008,185,39,11527.775,67,2025-06-25T14:43:40.793435431Z
1959,SI266220200309225433,7,94,26,13628.34,94,27,13233.191,184,351,13012.955,94,25,12902.34,183,350,12838.016,49,2025-06-25T14:43:40.861051399Z
1961,SI266220200309225433,9,479,58,10197.113,487,67,10039.734,487,58,9975.434,487,59,9881.09,484,56,9876.965,46,2025-06-25T14:43:40.863096694Z
1977,SI266220200309225433,9,446,252,13017.658,446,257,11415.668,447,251,11392.145,446,253,11324.137,447,258,11310.852,22,2025-06-25T14:43:40.935917370Z
1975,SI266220200309225433,7,94,351,11668.781,94,352,9944.3125,95,350,9865.629,126,170,9858.348,95,351,9809.086,36,2025-06-25T14:43:40.913916463Z
1993,SI266220200309225433,9,446,160,11164.234,446,159,9809.633,446,165,9190.984,446,161,9090.527,448,153,8919.293,16,2025-06-25T14:43:40.990298566Z
1991,SI266220200309225433,7,180,41,13080.023,177,41,12997.004,178,41,12667.184,178,441,12445.535,183,441,12370.025,52,2025-06-25T14:43:40.957028513Z
2007,SI266220200309225433,7,170,375,14725.906,177,416,14421.674,177,413,13869.34,173,382,13454.936,101,42,13243.865,59,2025-06-25T14:43:41.011913759Z
2009,SI266220200309225433,9,446,339,13250.502,447,340,11669.193,446,338,11384.566,447,339,11336.98,448,340,11041.566,16,2025-06-25T14:43:41.050447627Z
2025,SI266220200309225433,9,446,254,9921.762,447,253,9648.254,446,253,9219.359,448,252,9096.035,452,252,8807.996,18,2025-06-25T14:43:41.108510797Z
2023,SI266220200309225433,7,167,45,11152.654,158,44,11041.873,159,45,10933.829,187,40,10703.705,158,45,10604.594,45,2025-06-25T14:43:41.073982932Z
2039,SI266220200309225433,7,184,6,15089.93,185,1,14997.436,184,5,14503.324,184,13,13367.453,185,22,13360.914,70,2025-06-25T14:43:41.120141208Z
2041,SI266220200309225433,9,491,58,8472.522,485,52,8418.005,491,59,8316.766,486,57,7949.7266,442,254,7732.885,51,2025-06-25T14:43:41.130723978Z
2055,SI266220200309225433,7,92,428,10121.123,94,2,9724.531,94,1,9417.309,93,428,9293.035,94,26,9283.648,76,2025-06-25T14:43:41.185444239Z
2057,SI266220200309225433,9,486,57,10204.922,480,75,9951.43,480,76,9744.75,478,77,9665.508,487,78,9483.734,23,2025-06-25T14:43:41.241605646Z
2073,SI266220200309225433,9,447,251,13057.777,446,252,12654.152,447,252,11006.8125,448,251,10763.234,446,259,10604.117,23,2025-06-25T14:43:41.299907586Z
2071,SI266220200309225433,7,182,41,12341.457,183,41,12129.461,94,351,11951.961,184,41,11640.092,93,353,10931.947,54,2025-06-25T14:43:41.261172527Z
2087,SI266220200309225433,7,93,448,15674.889,123,41,14143.605,126,41,14135.691,122,41,14095.867,140,40,13511.68,61,2025-06-25T14:43:41.315538765Z
2089,SI266220200309225433,9,447,337,11465.176,446,331,11225.98,446,332,11106.004,446,163,11057.41,446,336,11014.926,23,2025-06-25T14:43:41.362993812Z
2103,SI266220200309225433,7,122,16,18094.668,121,14,17902.166,122,15,17583.98,121,15,17395.969,122,14,16518.67,60,2025-06-25T14:43:41.384845660Z
2105,SI266220200309225433,9,482,56,12347.531,481,57,11363.27,479,60,11345.6875,484,56,11238.145,485,56,11141.961,22,2025-06-25T14:43:41.433723396Z
2119,SI266220200309225433,7,139,17,13417.0,184,30,13258.805,184,38,13150.461,139,16,13049.789,140,17,13014.555,48,2025-06-25T14:43:41.458439285Z
2121,SI266220200309225433,9,484,56,10558.621,498,169,10556.223,451,250,10133.176,453,250,9973.8125,486,56,9914.539,18,2025-06-25T14:43:41.491281994Z
2135,SI266220200309225433,7,94,40,17138.5,94,41,15936.625,95,41,14832.109,93,39,14533.055,94,30,14389.875,70,2025-06-25T14:43:41.509691793Z
2137,SI266220200309225433,9,487,57,10503.691,487,70,10109.824,445,340,10011.422,487,71,9782.645,480,56,9651.645,70,2025-06-25T14:43:41.512127346Z
2151,SI266220200309225433,7,185,0,11226.23,185,41,10616.635,127,170,10490.785,127,169,10392.594,126,170,10241.785,51,2025-06-25T14:43:41.582069950Z
2153,SI266220200309225433,9,482,56,11706.539,483,56,10946.609,485,53,10260.145,486,53,9885.1875,499,99,9822.881,32,2025-06-25T14:43:41.624211332Z
2167,SI266220200309225433,7,184,41,15102.18,183,41,14941.0,175,42,14167.859,178,42,14095.668,177,42,14003.455,36,2025-06-25T14:43:41.654930240Z
2169,SI266220200309225433,9,446,160,11094.855,446,161,10025.379,446,324,9722.926,446,159,9696.402,447,323,9686.773,21,2025-06-25T14:43:41.676527563Z
2183,SI266220200309225433,7,148,17,14583.535,111,24,14356.412,107,21,13798.068,110,24,12415.629,149,19,12174.627,66,2025-06-25T14:43:41.696863791Z
2185,SI266220200309225433,9,479,57,11634.379,483,56,9576.012,478,58,9293.34,478,61,9285.156,479,58,9157.324,13,2025-06-25T14:43:41.751159858Z
2199,SI266220200309225433,7,154,261,13173.674,155,261,11905.838,154,262,11215.322,185,25,10878.168,154,260,10555.738,47,2025-06-25T14:43:41.767747754Z
2215,SI266220200309225433,7,185,1,13768.215,94,24,13011.703,93,28,12324.375,94,22,12253.199,93,27,12091.941,39,2025-06-25T14:43:41.816027643Z
2217,SI266220200309225433,9,483,56,13062.207,482,56,12881.5,482,57,12363.121,483,57,12245.852,484,56,11558.137,24,2025-06-25T14:43:41.835032169Z
2233,SI266220200309225433,9,446,251,13309.336,445,252,12289.816,446,252,12184.98,448,251,11677.18,447,251,11643.803,18,2025-06-25T14:43:41.905394604Z
2231,SI266220200309225433,7,184,39,11354.035,184,40,11005.77,185,39,10341.865,182,41,10135.965,146,278,10095.861,64,2025-06-25T14:43:41.850291997Z
2247,SI266220200309225433,7,184,39,13459.0,175,41,13325.395,174,41,13314.449,179,41,12754.887,184,41,12647.57,75,2025-06-25T14:43:41.915725664Z
2249,SI266220200309225433,9,446,156,9875.047,447,155,9751.586,446,157,9565.598,448,154,9405.258,446,158,9298.164,15,2025-06-25T14:43:41.976531527Z
2263,SI266220200309225433,7,107,41,14002.59,95,41,13130.787,106,41,13067.867,108,41,12653.566,113,6,12543.059,54,2025-06-25T14:43:41.992903430Z
2265,SI266220200309225433,9,447,162,11827.078,447,161,11021.023,446,162,10871.965,446,161,10439.672,447,333,10439.047,19,2025-06-25T14:43:42.029979347Z
2281,SI266220200309225433,9,484,57,11018.629,480,58,10695.422,479,62,10600.328,481,57,10504.324,485,58,10034.637,24,2025-06-25T14:43:42.096988307Z
2279,SI266220200309225433,7,148,44,11400.399,149,44,11141.333,144,44,11006.361,147,44,10999.357,146,44,10867.111,64,2025-06-25T14:43:42.055142739Z
2295,SI266220200309225433,7,184,23,15606.277,127,441,15353.572,184,22,14285.293,126,441,14207.002,184,24,13625.719,61,2025-06-25T14:43:42.122502606Z
2297,SI266220200309225433,9,452,167,7707.66,451,166,7530.668,449,163,7289.621,453,173,7117.8223,484,52,7017.802,66,2025-06-25T14:43:42.124784897Z
2313,SI266220200309225433,9,487,58,10890.797,487,66,10082.629,486,57,9782.801,479,57,9525.555,487,65,9294.156,19,2025-06-25T14:43:42.229869686Z
2311,SI266220200309225433,7,94,40,11810.52,96,41,11428.949,97,41,10865.258,95,40,10805.352,94,39,10580.879,59,2025-06-25T14:43:42.182597224Z
2327,SI266220200309225433,7,127,165,11653.59,126,165,10934.668,127,164,10835.246,127,166,10819.109,94,40,10271.758,56,2025-06-25T14:43:42.246980216Z
2329,SI266220200309225433,9,480,57,12559.172,479,58,12444.355,479,57,11314.102,481,57,11240.129,482,57,10639.672,19,2025-06-25T14:43:42.283264931Z
2343,SI266220200309225433,7,93,7,11699.258,130,41,11673.27,129,41,11418.484,93,38,11405.398,111,386,10589.289,50,2025-06-25T14:43:42.310400418Z
2345,SI266220200309225433,9,446,332,11895.145,446,333,11171.559,446,331,10970.543,447,165,10403.66,447,164,10327.859,19,2025-06-25T14:43:42.343207435Z
2361,SI266220200309225433,9,487,57,9085.172,486,57,8796.168,499,99,8666.428,487,58,8492.98,474,60,8442.678,19,2025-06-25T14:43:42.401307128Z
2359,SI266220200309225433,7,120,27,15799.191,120,28,14867.4375,122,29,13831.539,119,28,13652.578,116,27,13272.268,45,2025-06-25T14:43:42.370378120Z
2375,SI266220200309225433,7,182,41,15999.617,181,41,15807.949,185,36,14437.863,119,3,14108.34,185,38,13877.145,71,2025-06-25T14:43:42.425652084Z
2391,SI266220200309225433,7,108,21,14075.012,107,21,13877.703,111,22,13806.711,112,23,13762.383,109,21,13560.629,80,2025-06-25T14:43:42.506253009Z
2393,SI266220200309225433,9,487,60,11206.652,486,57,10773.648,487,62,10752.766,487,59,10541.055,487,61,10456.848,23,2025-06-25T14:43:42.563753567Z
2409,SI266220200309225433,9,479,57,11372.473,478,58,10898.3125,484,57,10065.133,482,57,9857.59,462,104,9849.629,20,2025-06-25T14:43:42.622116867Z
2407,SI266220200309225433,7,112,26,27325.453,113,28,22015.11,112,27,20866.205,113,27,19560.0,112,38,18491.234,51,2025-06-25T14:43:42.582363772Z
2425,SI266220200309225433,9,466,336,13601.18,466,335,13025.41,466,252,12913.1045,466,337,12605.772,466,334,12140.423,64,2025-06-25T14:43:42.641351640Z
2423,SI266220200309225433,7,100,353,25370.207,100,354,24281.129,99,372,21694.164,98,372,21585.582,97,372,21559.252,63,2025-06-25T14:43:42.639861387Z
2439,SI266220200309225433,7,148,41,12961.602,138,42,12560.523,139,436,12283.77,140,436,11946.398,153,41,11401.348,75,2025-06-25T14:43:42.706633537Z
2441,SI266220200309225433,9,275,295,9885.771,275,296,9516.395,274,295,8761.771,479,62,8711.641,484,57,8660.117,24,2025-06-25T14:43:42.767480067Z
2455,SI266220200309225433,7,138,41,13168.0625,154,41,13039.496,153,41,12728.746,139,40,12585.809,138,40,12503.98,70,2025-06-25T14:43:42.786495131Z
2473,SI266220200309225433,9,487,58,11956.414,485,56,11596.504,487,59,11463.367,481,56,11280.535,482,56,10861.375,50,2025-06-25T14:43:42.858578116Z
2471,SI266220200309225433,7,119,439,13440.484,120,439,12785.627,119,440,12647.883,119,438,12640.758,120,438,12214.66,62,2025-06-25T14:43:42.853121074Z
2487,SI266220200309225433,7,118,34,13387.645,118,27,13015.707,118,35,12771.277,118,28,12711.719,118,37,12551.32,42,2025-06-25T14:43:42.909555920Z
2489,SI266220200309225433,9,487,60,13278.781,487,59,12263.527,472,252,11970.23,473,251,11766.625,472,251,11405.324,47,2025-06-25T14:43:42.912885908Z
2503,SI266220200309225433,7,118,41,12119.922,117,31,11183.426,117,32,10732.039,159,40,10703.43,117,30,10576.277,62,2025-06-25T14:43:42.956517875Z
2519,SI266220200309225433,7,106,441,14084.52,106,440,14015.57,138,41,13874.16,107,440,13855.046,107,441,13762.554,32,2025-06-25T14:43:43.016947973Z
2521,SI266220200309225433,9,453,169,9874.508,486,57,9554.578,479,58,9527.371,479,61,9431.332,485,56,9423.297,25,2025-06-25T14:43:43.036677057Z
2535,SI266220200309225433,7,140,424,13605.42,144,41,13055.809,137,41,12865.66,145,41,12396.5,143,41,12347.797,53,2025-06-25T14:43:43.056224023Z
2537,SI266220200309225433,9,484,56,9487.273,480,57,9394.254,479,59,9273.273,479,60,9144.48,485,52,9138.147,16,2025-06-25T14:43:43.103019019Z
2553,SI266220200309225433,9,451,166,8467.637,450,166,7943.449,498,343,7854.2344,484,52,7670.8203,485,53,7576.244,61,2025-06-25T14:43:43.119458390Z
2551,SI266220200309225433,7,160,35,13900.004,161,37,13754.137,160,33,13623.32,160,27,13509.691,160,34,13220.859,67,2025-06-25T14:43:43.116872365Z
2569,SI266220200309225433,9,487,65,10074.824,487,64,9706.34,478,57,9688.629,478,58,9618.0625,487,73,9447.918,55,2025-06-25T14:43:43.177665559Z
2567,SI266220200309225433,7,161,1,16630.268,118,41,15005.182,161,2,14614.738,119,41,14314.41,161,0,13951.52,66,2025-06-25T14:43:43.174345327Z
2583,SI266220200309225433,7,118,40,14604.918,126,166,13130.953,126,167,12732.918,119,41,12339.629,126,169,12217.867,60,2025-06-25T14:43:43.244389479Z
2585,SI266220200309225433,9,478,59,13402.477,479,57,12958.664,479,58,12122.121,478,58,12044.836,481,56,11650.973,20,2025-06-25T14:43:43.282471544Z
2601,SI266220200309225433,9,470,328,10523.742,470,332,10328.539,447,157,10290.273,470,329,10269.125,470,331,9980.785,21,2025-06-25T14:43:43.331625090Z
2599,SI266220200309225433,7,117,2,13435.035,117,1,12979.055,117,24,12342.883,144,41,12333.246,117,7,12293.73,53,2025-06-25T14:43:43.300021690Z
2615,SI266220200309225433,7,114,345,13543.951,115,345,13429.896,132,422,13037.41,120,29,12851.3125,124,254,12764.77,42,2025-06-25T14:43:43.356238124Z
2617,SI266220200309225433,9,486,56,9458.965,479,57,9001.82,478,60,8964.32,498,344,8694.121,487,57,8683.094,17,2025-06-25T14:43:43.379164590Z
2631,SI266220200309225433,7,143,431,11731.689,159,40,11689.977,143,432,11132.91,149,41,11032.422,158,41,10857.145,55,2025-06-25T14:43:43.394401814Z
2647,SI266220200309225433,7,161,1,15199.434,161,25,15114.471,160,26,15097.277,160,14,14954.836,160,19,14824.809,47,2025-06-25T14:43:43.448922629Z
2649,SI266220200309225433,9,481,56,12124.348,480,56,11838.559,487,59,11795.184,478,61,11549.387,486,57,11423.914,22,2025-06-25T14:43:43.449883197Z
2663,SI266220200309225433,7,117,24,12986.955,117,28,12207.461,118,37,12030.426,117,29,11898.266,156,440,11834.621,39,2025-06-25T14:43:43.496851742Z
2665,SI266220200309225433,9,470,251,11980.271,470,252,11171.641,475,251,11045.633,469,252,10758.094,470,253,10708.973,41,2025-06-25T14:43:43.498818987Z
2679,SI266220200309225433,7,172,359,16040.736,171,359,15504.924,172,358,14516.244,168,356,13566.258,168,355,13445.379,21,2025-06-25T14:43:43.533556118Z
2681,SI266220200309225433,9,489,453,9562.582,446,162,9432.879,489,454,9258.334,446,161,9191.18,490,453,9069.543,60,2025-06-25T14:43:43.541688622Z
2697,SI266220200309225433,9,447,163,12046.766,447,162,11285.0,447,164,10335.004,447,165,10192.711,471,337,10092.074,33,2025-06-25T14:43:43.597931133Z
2695,SI266220200309225433,7,127,42,12080.445,116,36,11506.4375,128,42,11444.91,117,35,11431.781,126,42,11307.754,22,2025-06-25T14:43:43.596818854Z
2711,SI266220200309225433,7,139,41,11381.336,158,41,11011.859,122,39,10945.656,136,41,10470.797,140,41,10378.551,50,2025-06-25T14:43:43.623492725Z
2729,SI266220200309225433,9,486,56,11036.492,487,57,10885.16,486,57,9768.133,484,57,9605.125,485,57,9473.527,24,2025-06-25T14:43:43.676708383Z
2727,SI266220200309225433,7,160,10,15080.328,160,11,14990.898,136,440,13413.607,161,17,13117.875,160,12,13055.9375,43,2025-06-25T14:43:43.674638232Z
2743,SI266220200309225433,7,118,25,14191.664,118,24,14119.652,118,26,13827.484,117,28,13743.484,117,29,13645.797,42,2025-06-25T14:43:43.707812408Z
2745,SI266220200309225433,9,487,61,9929.184,488,61,9644.797,487,62,9470.398,491,63,9434.824,487,60,9273.496,35,2025-06-25T14:43:43.713635158Z
2759,SI266220200309225433,7,117,4,13829.238,117,5,13598.059,117,12,12022.719,117,6,11875.488,160,41,11765.514,60,2025-06-25T14:43:43.747108267Z
2761,SI266220200309225433,9,471,251,10930.645,470,252,10738.6875,470,258,10610.949,470,259,10253.52,471,252,10217.707,61,2025-06-25T14:43:43.748770987Z
2777,SI266220200309225433,9,470,331,11008.867,446,163,10931.094,470,332,10566.402,470,336,10562.398,446,164,10400.297,15,2025-06-25T14:43:43.849537560Z
2775,SI266220200309225433,7,145,41,15056.914,153,41,14186.797,146,41,14095.094,152,41,14040.23,144,41,13868.148,56,2025-06-25T14:43:43.804598Z
2793,SI266220200309225433,9,481,57,11335.289,482,56,11300.43,484,56,11155.211,481,56,11152.066,480,56,11133.543,15,2025-06-25T14:43:43.899182299Z
2791,SI266220200309225433,7,145,41,14063.305,120,258,13999.035,157,41,12224.281,144,41,12030.664,148,426,11624.158,53,2025-06-25T14:43:43.870138610Z
2809,SI266220200309225433,9,483,52,7972.631,498,343,7942.3125,484,52,7621.839,498,173,7572.9033,485,52,7554.9014,44,2025-06-25T14:43:43.920796250Z
2807,SI266220200309225433,7,117,382,14246.713,116,383,13547.527,160,38,13111.059,119,28,12848.004,131,41,12701.18,41,2025-06-25T14:43:43.918133858Z
2825,SI266220200309225433,9,487,70,12043.496,486,69,11389.398,498,252,10976.0625,487,69,10804.9375,498,251,10311.176,47,2025-06-25T14:43:43.963108312Z
2823,SI266220200309225433,7,117,388,13067.111,118,0,12930.441,160,24,12783.883,160,23,12562.0625,118,34,12299.441,57,2025-06-25T14:43:43.957911409Z
2841,SI266220200309225433,9,479,57,11923.168,481,56,11798.199,480,56,11712.805,478,59,11692.461,478,60,11511.234,25,2025-06-25T14:43:44.052415431Z
2839,SI266220200309225433,7,117,39,11730.895,118,40,11695.008,160,29,11006.023,117,38,10533.375,117,2,10369.215,66,2025-06-25T14:43:44.008573205Z
2857,SI266220200309225433,9,446,158,10626.418,470,329,10148.719,446,159,9832.797,470,334,9761.07,470,328,9712.25,15,2025-06-25T14:43:44.099336503Z
2855,SI266220200309225433,7,118,41,12360.789,147,41,11378.422,116,24,11246.904,146,41,10858.367,144,41,10264.977,47,2025-06-25T14:43:44.071187885Z
2871,SI266220200309225433,7,168,257,12514.43,119,28,12352.234,119,27,11925.957,136,41,11306.461,169,257,11279.445,57,2025-06-25T14:43:44.115535792Z
2873,SI266220200309225433,9,486,57,9312.426,483,56,8996.988,485,57,8921.012,484,56,8854.867,478,62,8738.5,17,2025-06-25T14:43:44.158112239Z
2887,SI266220200309225433,7,120,40,13552.699,118,350,12789.482,119,39,12276.832,143,41,11770.121,142,41,11504.555,49,2025-06-25T14:43:44.181516033Z
2903,SI266220200309225433,7,161,26,16834.143,160,27,16231.723,161,27,16009.561,160,26,15710.715,161,25,15264.811,29,2025-06-25T14:43:44.232953783Z
2905,SI266220200309225433,9,487,62,13379.051,486,57,12801.406,487,63,12693.25,487,61,12544.711,487,59,12480.883,25,2025-06-25T14:43:44.235583377Z
2919,SI266220200309225433,7,117,28,12700.246,117,27,12361.598,159,0,11987.977,117,34,11704.617,136,441,11354.861,46,2025-06-25T14:43:44.255767984Z
2921,SI266220200309225433,9,470,253,12293.863,471,252,11773.281,470,252,11771.293,472,251,11468.426,471,251,11448.609,21,2025-06-25T14:43:44.289477518Z
2935,SI266220200309225433,7,117,3,13913.875,117,4,13457.332,117,2,13378.609,117,1,12925.016,117,5,12804.371,54,2025-06-25T14:43:44.310630910Z
2937,SI266220200309225433,9,466,253,10643.641,466,254,9623.455,466,252,9557.121,449,153,9024.824,448,153,8912.672,17,2025-06-25T14:43:44.355369227Z
2953,SI266220200309225433,9,447,161,12928.477,447,163,12573.617,447,162,12429.152,447,160,12394.48,471,338,11659.762,25,2025-06-25T14:43:44.404336994Z
2951,SI266220200309225433,7,141,42,14151.35,152,270,12926.873,142,41,12547.336,141,348,12409.59,117,39,12028.191,53,2025-06-25T14:43:44.372662086Z
2967,SI266220200309225433,7,136,41,13828.785,137,41,13746.418,119,32,12827.926,135,41,12462.168,148,41,12148.797,59,2025-06-25T14:43:44.426551187Z
2969,SI266220200309225433,9,479,58,11960.074,480,57,11940.754,482,56,10993.902,479,61,10808.109,481,57,10797.863,27,2025-06-25T14:43:44.471189291Z
2985,SI266220200309225433,9,449,165,9270.969,470,337,9052.988,449,166,8634.141,447,164,8417.504,455,167,8220.758,65,2025-06-25T14:43:44.496202697Z
2983,SI266220200309225433,7,160,27,15149.344,160,26,15065.832,160,28,14749.766,161,27,14084.219,161,26,13040.52,64,2025-06-25T14:43:44.494822842Z
2999,SI266220200309225433,7,124,8,26155.07,124,9,25930.73,124,7,24701.004,125,8,24252.732,125,7,23041.227,61,2025-06-25T14:43:44.547352381Z
3015,SI266220200309225433,7,153,248,19513.168,153,247,19245.668,125,1,18934.117,126,1,18753.133,153,36,18735.59,63,2025-06-25T14:43:44.597174270Z
3031,SI266220200309225433,7,131,39,11625.246,131,40,11490.844,130,40,11324.223,129,32,11036.367,129,31,11017.914,30,2025-06-25T14:43:44.652164241Z
3049,SI266220200309225433,9,479,335,19128.824,479,336,15199.316,493,165,14959.412,479,334,14620.363,492,166,13586.693,19,2025-06-25T14:43:44.670529872Z
3047,SI266220200309225433,7,149,409,11457.625,131,39,11443.473,136,41,10020.793,137,41,9621.066,130,24,9546.281,59,2025-06-25T14:43:44.669362103Z
3081,SI266220200309225433,9,477,321,15547.72,477,322,15258.679,457,165,14993.355,478,337,14641.345,478,329,14423.02,14,2025-06-25T14:43:44.732963707Z
3063,SI266220200309225433,7,148,36,12633.973,131,26,12568.09,148,35,12081.184,147,40,12041.77,148,37,11962.039,57,2025-06-25T14:43:44.693464042Z
3079,SI266220200309225433,7,129,41,12445.73,148,28,11654.285,148,31,11420.273,148,27,11273.395,130,27,11184.664,57,2025-06-25T14:43:44.731323465Z
3097,SI266220200309225433,9,490,251,11585.824,489,252,10886.074,493,251,10631.664,492,251,10596.602,489,251,10180.406,17,2025-06-25T14:43:44.772003138Z
3113,SI266220200309225433,9,478,333,8697.719,478,332,8480.265,478,253,8355.935,478,254,7968.083,478,300,7960.009,15,2025-06-25T14:43:44.811889709Z
3095,SI266220200309225433,7,129,1,12627.396,148,36,12621.68,129,23,12493.797,129,38,12370.4375,129,37,12018.953,71,2025-06-25T14:43:44.749723221Z
3129,SI266220200309225433,9,479,335,8776.745,479,334,8490.699,479,337,8266.484,479,333,7975.167,479,336,7933.967,44,2025-06-25T14:43:44.826476280Z
3111,SI266220200309225433,7,129,22,15802.262,129,29,13901.18,129,23,13866.496,129,21,13709.242,129,35,13430.5,53,2025-06-25T14:43:44.810881652Z
3127,SI266220200309225433,7,138,41,12535.875,128,427,12045.781,131,14,11986.441,129,426,11648.559,139,41,11520.4375,69,2025-06-25T14:43:44.825790496Z
3145,SI266220200309225433,9,492,339,11289.266,493,338,11007.535,493,339,10285.98,494,339,9928.184,491,338,9716.926,13,2025-06-25T14:43:44.879582294Z
3161,SI266220200309225433,9,492,251,8775.77,498,247,8676.965,491,251,8645.781,499,247,8564.158,498,248,7798.8125,39,2025-06-25T14:43:44.890815980Z
3143,SI266220200309225433,7,133,1,12622.883,132,38,12030.758,133,2,11995.934,131,31,11108.152,137,41,11000.051,57,2025-06-25T14:43:44.871340001Z
3159,SI266220200309225433,7,148,35,15056.508,148,34,14967.395,148,23,13991.344,148,22,13391.012,148,21,13328.484,76,2025-06-25T14:43:44.887860006Z
3177,SI266220200309225433,9,492,251,10830.523,496,251,10622.184,491,251,10201.961,489,251,9970.844,488,251,9469.145,31,2025-06-25T14:43:44.925213586Z
3175,SI266220200309225433,7,129,31,16268.33,129,38,16012.031,129,30,15524.848,129,32,14611.869,130,40,14545.5,60,2025-06-25T14:43:44.924517264Z
3209,SI266220200309225433,9,499,261,8809.414,491,247,8760.875,499,259,8681.266,499,262,8638.754,499,260,8626.0625,25,2025-06-25T14:43:44.990625578Z
3191,SI266220200309225433,7,132,41,13975.605,139,42,13419.775,130,36,13392.07,138,41,13259.406,133,41,13245.676,59,2025-06-25T14:43:44.959592250Z
3207,SI266220200309225433,7,139,41,15817.797,134,41,14373.301,133,41,12888.406,135,41,11950.9375,132,41,11830.227,61,2025-06-25T14:43:44.989734584Z
3225,SI266220200309225433,9,491,253,8874.535,491,343,8333.897,490,343,8278.873,490,253,8226.133,479,332,8183.921,31,2025-06-25T14:43:45.021938747Z
3241,SI266220200309225433,9,490,343,8034.217,491,343,7897.371,498,247,7726.4346,498,248,7659.3477,491,342,7588.1387,35,2025-06-25T14:43:45.047122460Z
3223,SI266220200309225433,7,140,41,15139.574,139,41,13235.977,141,41,12400.348,148,35,12205.027,148,28,11393.277,59,2025-06-25T14:43:45.020981957Z
3257,SI266220200309225433,9,497,251,9140.703,496,251,9070.527,482,340,8759.025,497,252,8616.109,485,252,8478.094,41,2025-06-25T14:43:45.072565308Z
3239,SI266220200309225433,7,148,29,13737.035,148,28,13527.48,148,27,12782.746,148,34,12695.465,148,35,12401.742,69,2025-06-25T14:43:45.046333691Z
3255,SI266220200309225433,7,148,0,12653.699,148,1,12411.527,148,25,12359.891,129,36,12278.738,148,26,12088.383,83,2025-06-25T14:43:45.071753447Z
3273,SI266220200309225433,9,492,251,11550.836,488,251,11019.496,490,251,10860.977,491,251,10644.859,493,251,10590.734,13,2025-06-25T14:43:45.135905285Z
3271,SI266220200309225433,7,129,1,17548.379,129,2,16727.578,129,6,15696.117,129,7,15614.531,129,0,15341.693,83,2025-06-25T14:43:45.107024367Z
3289,SI266220200309225433,9,482,333,9027.699,493,251,8816.41,493,252,8677.727,482,327,8628.898,482,332,8499.918,12,2025-06-25T14:43:45.183993769Z
3305,SI266220200309225433,9,483,327,9777.922,483,328,9750.961,484,328,8858.16,498,343,8525.169,484,327,8487.0,10,2025-06-25T14:43:45.222056673Z
3287,SI266220200309225433,7,129,35,14790.16,129,34,14477.535,129,24,14071.383,129,26,13844.363,129,25,13520.152,91,2025-06-25T14:43:45.147748978Z
3321,SI266220200309225433,9,498,343,7513.1826,493,343,7155.201,488,342,6939.6914,492,343,6938.3945,489,342,6857.6875,13,2025-06-25T14:43:45.245826915Z
3303,SI266220200309225433,7,129,35,11830.34,129,34,11687.816,131,0,11503.77,148,33,11429.219,130,1,11426.242,40,2025-06-25T14:43:45.221246610Z
3319,SI266220200309225433,7,149,26,13140.906,130,31,13021.918,148,39,12897.975,130,32,12872.0,147,1,12509.578,52,2025-06-25T14:43:45.233104362Z
3337,SI266220200309225433,9,497,251,10313.078,498,252,9868.828,497,252,9590.602,496,251,9194.473,482,340,9110.969,15,2025-06-25T14:43:45.272858039Z
3353,SI266220200309225433,9,489,251,11879.047,492,251,11641.5,493,251,11244.152,495,252,10788.066,490,251,10681.508,44,2025-06-25T14:43:45.284208913Z
3335,SI266220200309225433,7,149,32,13043.09,149,27,12683.32,145,41,12091.918,149,26,12007.789,146,40,11997.207,76,2025-06-25T14:43:45.253738452Z
3351,SI266220200309225433,7,136,42,13625.25,135,41,12986.043,129,19,12726.93,130,41,12643.133,147,22,12470.375,88,2025-06-25T14:43:45.283584007Z
3367,SI266220200309225433,7,129,25,14464.367,129,3,13653.262,136,41,13605.055,129,26,13342.633,129,2,12929.598,76,2025-06-25T14:43:45.325077775Z
3385,SI266220200309225433,9,490,251,9484.855,489,251,8501.199,491,251,8253.48,499,330,8192.793,478,255,8111.037,21,2025-06-25T14:43:45.379902101Z
3401,SI266220200309225433,9,498,342,10091.479,498,343,9591.072,497,343,9284.522,497,342,9095.99,499,342,8633.201,24,2025-06-25T14:43:45.403702715Z
3383,SI266220200309225433,7,130,8,12512.23,130,1,12331.324,130,2,12210.137,130,38,12151.59,129,38,11880.082,50,2025-06-25T14:43:45.378126788Z
3399,SI266220200309225433,7,129,32,13847.117,130,31,13663.398,129,31,13483.883,130,32,12375.355,130,30,12233.484,53,2025-06-25T14:43:45.402418665Z
3417,SI266220200309225433,9,498,247,9741.055,499,247,9051.096,497,247,8474.598,498,248,8399.52,497,251,8158.8867,40,2025-06-25T14:43:45.423676460Z
3415,SI266220200309225433,7,149,27,13622.453,149,28,13549.047,149,26,13097.102,149,29,12973.879,149,25,12594.918,63,2025-06-25T14:43:45.423120575Z
3433,SI266220200309225433,9,495,251,9278.918,492,251,9251.691,494,251,9249.203,498,247,9152.198,496,252,8905.859,38,2025-06-25T14:43:45.452970972Z
3431,SI266220200309225433,7,130,41,14954.953,129,28,14575.918,133,42,13594.762,134,42,13573.674,148,1,13191.094,65,2025-06-25T14:43:45.451975703Z
3449,SI266220200309225433,9,487,251,11575.266,486,251,9785.102,488,251,9780.102,493,251,9701.207,489,250,9633.656,14,2025-06-25T14:43:45.512793574Z
3447,SI266220200309225433,7,148,1,13206.789,128,2,12660.914,148,2,12530.133,128,8,12261.148,128,1,12159.623,67,2025-06-25T14:43:45.482855796Z
3465,SI266220200309225433,9,489,251,10121.695,490,251,9767.531,483,337,9753.566,482,336,9587.223,494,251,9233.152,37,2025-06-25T14:43:45.522755895Z
3463,SI266220200309225433,7,128,1,12573.182,129,19,12295.051,129,16,11895.898,129,39,11880.5,128,2,11753.449,60,2025-06-25T14:43:45.521930658Z
3481,SI266220200309225433,9,488,338,10338.141,489,339,10031.906,485,331,9511.727,490,339,9278.785,489,338,9149.875,15,2025-06-25T14:43:45.572332963Z
3513,SI266220200309225433,9,497,248,9162.362,488,252,8836.805,498,247,8742.942,495,338,8625.492,498,343,8513.74,14,2025-06-25T14:43:45.617132494Z
3479,SI266220200309225433,7,131,5,14066.367,131,2,13629.75,131,1,13102.93,148,7,12531.234,131,6,12430.59,66,2025-06-25T14:43:45.554350994Z
3495,SI266220200309225433,7,131,0,15944.039,131,1,15932.676,142,41,13397.758,130,26,12915.844,133,40,12911.965,73,2025-06-25T14:43:45.579520809Z
3511,SI266220200309225433,7,129,41,13295.637,130,41,12591.951,129,40,12471.012,129,32,12412.953,129,31,12058.34,67,2025-06-25T14:43:45.616431500Z
3529,SI266220200309225433,9,489,251,11644.16,490,251,10887.066,488,251,10606.699,494,251,10318.27,490,250,10116.967,17,2025-06-25T14:43:45.645667357Z
3527,SI266220200309225433,7,129,31,14814.059,129,32,14240.758,129,28,14043.195,148,42,13998.709,129,30,13373.398,64,2025-06-25T14:43:45.644567471Z
3545,SI266220200309225433,9,482,332,8941.52,482,333,8922.059,493,252,8594.0,478,331,8560.439,478,330,8302.43,18,2025-06-25T14:43:45.696969357Z
3561,SI266220200309225433,9,484,337,9020.227,485,337,8442.379,484,336,8286.3125,484,327,8183.5938,483,329,8158.1133,13,2025-06-25T14:43:45.741754143Z
3543,SI266220200309225433,7,129,18,15440.566,129,17,14757.754,129,2,14126.605,129,3,13972.371,129,19,13117.891,63,2025-06-25T14:43:45.682289495Z
3559,SI266220200309225433,7,130,23,13432.586,130,9,12773.668,130,10,12757.52,130,8,12447.887,130,11,12288.207,75,2025-06-25T14:43:45.711490721Z
3577,SI266220200309225433,9,498,339,9433.621,497,340,9313.469,497,339,8922.348,492,340,8668.117,492,339,8441.379,27,2025-06-25T14:43:45.751712508Z
3593,SI266220200309225433,9,482,341,12420.398,482,340,11885.199,481,340,11487.271,481,341,10703.791,483,341,10312.488,59,2025-06-25T14:43:45.780506393Z
3575,SI266220200309225433,7,136,40,12556.199,137,40,12301.133,147,1,11720.602,141,41,11415.98,135,40,11132.066,92,2025-06-25T14:43:45.750913982Z
3591,SI266220200309225433,7,148,29,13776.367,148,30,12836.168,148,28,12521.777,148,36,12275.508,145,41,12205.809,91,2025-06-25T14:43:45.779156872Z
