3,SI266220200309225433,3,0,0,0,0,0,0,0,0,0,0,0,0,0,0,0,320,2025-06-25T14:43:32.532661618Z
19,SI266220200309225433,3,0,0,0,0,0,0,0,0,0,0,0,0,0,0,0,327,2025-06-25T14:43:32.575910097Z
35,SI266220200309225433,3,126,271,11683.98,148,386,10877.57,94,450,10867.578,168,385,10611.484,155,386,10534.84,191,2025-06-25T14:43:32.959396321Z
51,SI266220200309225433,3,101,343,12497.8125,144,310,11845.699,131,271,11834.258,93,366,11711.869,144,309,11520.727,101,2025-06-25T14:43:33.085381595Z
67,SI266220200309225433,3,155,472,11421.559,155,475,9841.785,126,273,9542.336,143,469,9483.109,149,315,9415.223,148,2025-06-25T14:43:33.177875878Z
83,SI266220200309225433,3,126,275,13475.445,126,276,13299.742,168,386,12681.57,125,276,12590.793,126,277,12243.039,74,2025-06-25T14:43:33.298329079Z
99,SI266220200309225433,3,93,457,14171.883,93,454,13887.543,99,450,13641.887,95,450,13624.031,94,451,13615.023,84,2025-06-25T14:43:33.349101282Z
115,SI266220200309225433,3,137,463,19655.43,137,462,17347.5,137,464,16960.64,138,463,16935.562,136,463,15923.402,95,2025-06-25T14:43:33.397087700Z
131,SI266220200309225433,3,113,496,14183.41,94,467,14027.738,94,468,12949.008,94,466,11991.691,183,451,11825.406,64,2025-06-25T14:43:33.468029834Z
147,SI266220200309225433,3,94,387,11194.975,126,276,11084.5,94,498,10904.102,126,277,10665.93,92,382,10534.416,56,2025-06-25T14:43:33.524114945Z
163,SI266220200309225433,3,136,282,13700.945,136,281,12789.969,136,283,12392.3125,142,296,12130.762,136,280,12000.551,26,2025-06-25T14:43:33.574505718Z
179,SI266220200309225433,3,93,368,12130.658,93,386,12077.068,185,498,12048.654,110,321,11829.949,111,320,11434.418,24,2025-06-25T14:43:33.676500913Z
195,SI266220200309225433,3,100,386,13735.613,101,386,13437.023,115,385,13245.277,102,386,13035.766,103,386,12883.434,58,2025-06-25T14:43:33.712153411Z
211,SI266220200309225433,3,134,272,13001.199,133,271,12808.506,136,281,12708.836,136,276,11847.09,135,272,11802.797,25,2025-06-25T14:43:33.776399735Z
227,SI266220200309225433,3,93,449,18076.59,93,460,17699.168,93,459,17413.223,93,450,16463.506,94,449,16333.131,64,2025-06-25T14:43:33.821440858Z
243,SI266220200309225433,3,176,450,15597.668,118,296,15580.604,177,450,15384.148,118,297,14796.559,117,299,14660.656,71,2025-06-25T14:43:33.893110318Z
259,SI266220200309225433,3,126,272,12977.291,93,498,11897.832,118,299,11857.66,118,297,11559.992,117,300,11456.625,18,2025-06-25T14:43:33.980779756Z
275,SI266220200309225433,3,126,286,13626.082,127,272,12201.5625,125,283,11165.59,125,285,11135.258,126,284,11063.695,40,2025-06-25T14:43:34.056018077Z
291,SI266220200309225433,3,125,282,12847.539,125,277,12622.652,125,281,11744.566,125,280,11600.984,125,276,11241.422,59,2025-06-25T14:43:34.105658023Z
307,SI266220200309225433,3,168,385,14017.238,137,276,13795.461,126,496,13278.391,127,482,13156.863,137,275,13141.273,27,2025-06-25T14:43:34.173719423Z
323,SI266220200309225433,3,160,344,16930.549,160,345,15900.9375,139,450,15692.582,151,320,15502.68,138,450,15267.625,37,2025-06-25T14:43:34.251767757Z
339,SI266220200309225433,3,126,272,12622.691,117,296,12498.512,136,287,12241.047,135,450,12123.531,118,297,12064.1875,79,2025-06-25T14:43:34.305438074Z
355,SI266220200309225433,3,168,385,15193.805,166,386,14883.391,93,463,14692.656,93,452,14689.5,125,275,14116.668,12,2025-06-25T14:43:34.388226672Z
371,SI266220200309225433,3,184,450,14828.209,109,321,14630.547,183,450,14410.273,109,320,13819.234,183,449,13590.311,59,2025-06-25T14:43:34.439986762Z
387,SI266220200309225433,3,128,272,12463.68,152,386,12223.961,129,272,12137.004,153,386,11602.918,126,281,11565.637,71,2025-06-25T14:43:34.512637725Z
403,SI266220200309225433,3,126,280,15092.68,126,274,14316.82,126,281,14198.09,185,498,14089.699,126,273,13986.449,13,2025-06-25T14:43:34.590159883Z
419,SI266220200309225433,3,109,338,16029.164,109,337,15585.008,103,343,15449.586,101,348,14754.652,136,272,14691.445,42,2025-06-25T14:43:34.660175314Z
435,SI266220200309225433,3,158,387,13017.934,159,387,12791.121,92,455,12527.574,163,387,12343.121,93,450,12138.125,72,2025-06-25T14:43:34.715746314Z
451,SI266220200309225433,3,104,387,13659.6875,116,386,13575.48,94,386,13467.037,103,387,13401.555,122,386,13332.254,23,2025-06-25T14:43:34.785490980Z
467,SI266220200309225433,3,135,272,14016.547,136,273,13919.309,94,451,13539.3125,127,272,12723.922,136,274,12650.738,35,2025-06-25T14:43:34.868116141Z
483,SI266220200309225433,3,109,451,15325.656,94,452,15247.551,94,453,15117.629,168,385,14690.621,94,454,13877.531,33,2025-06-25T14:43:34.968017475Z
499,SI266220200309225433,3,93,385,17704.729,185,452,17132.94,109,335,17045.184,109,334,16556.078,185,451,16351.82,59,2025-06-25T14:43:35.021925322Z
515,SI266220200309225433,3,124,278,16333.281,118,311,14544.91,124,277,14497.34,118,312,14344.246,124,280,14247.75,13,2025-06-25T14:43:35.089646111Z
531,SI266220200309225433,3,93,496,14323.527,126,286,14174.262,93,494,14102.793,93,495,13853.223,92,495,12196.48,50,2025-06-25T14:43:35.149148788Z
547,SI266220200309225433,3,97,371,11929.066,98,372,11477.449,97,372,11270.055,96,372,10834.902,125,280,10600.309,69,2025-06-25T14:43:35.211584785Z
563,SI266220200309225433,3,160,344,13076.303,159,343,12460.172,119,449,12365.855,159,344,12114.395,160,343,11845.518,30,2025-06-25T14:43:35.283687763Z
579,SI266220200309225433,3,185,499,17060.25,134,450,16031.016,185,498,15878.051,160,344,15479.07,135,450,15271.172,32,2025-06-25T14:43:35.367850161Z
595,SI266220200309225433,3,93,376,17388.602,93,377,16084.891,93,375,15263.977,127,272,15065.273,126,272,14486.652,54,2025-06-25T14:43:35.430203881Z
611,SI266220200309225433,3,181,367,15802.157,181,366,15706.5,93,465,15215.414,117,301,15099.473,117,300,14702.332,17,2025-06-25T14:43:35.482638056Z
627,SI266220200309225433,3,103,346,13539.578,108,387,13239.629,110,330,12528.039,111,323,12521.9375,110,329,12499.977,49,2025-06-25T14:43:35.557677663Z
643,SI266220200309225433,3,116,385,13896.809,117,385,13847.918,129,271,13355.023,125,276,12949.066,125,277,12861.746,69,2025-06-25T14:43:35.610266398Z
659,SI266220200309225433,3,129,271,13020.852,185,497,12991.926,136,282,12726.09,96,451,12457.172,128,271,12453.891,19,2025-06-25T14:43:35.684886819Z
675,SI266220200309225433,3,103,343,15339.352,102,344,15139.809,101,345,14557.867,136,272,13857.533,136,273,13773.414,55,2025-06-25T14:43:35.742290373Z
691,SI266220200309225433,3,127,272,14271.207,128,272,13937.727,126,272,12878.184,102,344,12525.082,93,381,12314.426,48,2025-06-25T14:43:35.801398630Z
707,SI266220200309225433,3,132,386,13878.922,109,387,13765.547,131,386,13700.5,136,387,13510.008,135,387,13464.109,50,2025-06-25T14:43:35.853833821Z
723,SI266220200309225433,3,135,272,14483.471,159,467,14341.338,160,468,13246.045,136,273,12849.992,134,271,12484.729,77,2025-06-25T14:43:35.901937040Z
739,SI266220200309225433,3,94,248,19460.914,93,248,17279.293,94,249,16800.055,169,377,15845.215,168,385,15775.529,25,2025-06-25T14:43:35.982984845Z
755,SI266220200309225433,3,92,384,17829.027,92,383,17012.312,184,469,16958.54,152,320,16090.424,184,468,15752.656,50,2025-06-25T14:43:36.036694375Z
771,SI266220200309225433,3,124,276,14121.203,124,283,14027.395,124,284,13657.994,136,272,13544.613,93,374,13207.6875,59,2025-06-25T14:43:36.121860779Z
787,SI266220200309225433,3,135,278,15567.832,109,328,15205.879,100,347,14069.59,100,346,13783.34,109,327,13679.898,14,2025-06-25T14:43:36.186174094Z
803,SI266220200309225433,3,127,386,12725.895,165,498,12067.08,165,499,10860.758,103,346,10459.477,154,386,10455.371,35,2025-06-25T14:43:36.266797503Z
819,SI266220200309225433,3,136,287,12211.336,127,272,11598.391,136,288,11367.703,136,286,11031.887,128,386,10950.906,74,2025-06-25T14:43:36.301963646Z
835,SI266220200309225433,3,185,498,17926.445,185,497,17289.852,184,498,16327.074,185,460,15340.875,185,490,15299.992,29,2025-06-25T14:43:36.373819634Z
851,SI266220200309225433,3,149,450,14031.809,148,450,14030.684,146,450,13878.32,147,450,13518.605,137,275,13298.285,54,2025-06-25T14:43:36.440714460Z
867,SI266220200309225433,3,117,305,15532.9375,125,279,15151.32,117,306,15070.535,111,319,14445.262,125,278,14359.039,56,2025-06-25T14:43:36.515618131Z
883,SI266220200309225433,3,105,387,15129.174,104,387,14883.277,125,278,14238.98,125,279,14055.926,103,387,14042.852,23,2025-06-25T14:43:36.577633799Z
899,SI266220200309225433,3,124,386,13589.863,123,386,12854.508,125,386,12808.176,125,280,12414.16,135,272,12325.977,58,2025-06-25T14:43:36.631328056Z
915,SI266220200309225433,3,94,452,17007.902,94,451,15858.953,93,452,15176.725,94,453,15103.988,96,450,14744.406,14,2025-06-25T14:43:36.693275565Z
931,SI266220200309225433,3,178,449,16473.45,110,320,15874.785,177,449,15756.768,109,324,15694.084,179,449,15693.678,26,2025-06-25T14:43:36.774884272Z
947,SI266220200309225433,3,111,320,15101.293,110,320,14360.969,102,344,13533.301,101,344,13469.094,125,283,13453.699,40,2025-06-25T14:43:36.863837565Z
963,SI266220200309225433,3,125,283,14494.426,125,284,14212.816,163,386,12979.258,101,346,12913.168,102,344,12892.07,55,2025-06-25T14:43:36.936740530Z
979,SI266220200309225433,3,138,496,16433.28,125,283,16011.555,147,498,15491.809,140,497,14782.375,139,496,14541.945,25,2025-06-25T14:43:36.989006966Z
995,SI266220200309225433,3,122,366,13990.012,136,272,13775.973,168,385,13306.949,168,384,13083.074,127,271,12794.34,25,2025-06-25T14:43:37.079356986Z
1011,SI266220200309225433,3,146,450,17080.436,159,343,16571.8,161,345,16312.75,161,346,16224.684,184,469,15879.867,25,2025-06-25T14:43:37.165067838Z
1027,SI266220200309225433,3,125,273,13619.525,127,271,13253.656,125,272,13038.211,125,274,12983.611,128,271,12801.516,48,2025-06-25T14:43:37.237548487Z
1043,SI266220200309225433,3,93,472,15324.363,125,274,14571.207,93,471,14548.473,93,473,13441.957,125,290,13377.5,17,2025-06-25T14:43:37.289300099Z
1059,SI266220200309225433,3,125,282,13656.105,125,283,13611.344,99,387,13550.66,125,281,13107.594,100,387,12888.207,22,2025-06-25T14:43:37.363617496Z
1075,SI266220200309225433,3,126,272,13556.902,153,386,12174.367,135,272,11706.375,127,272,11576.203,126,273,11354.426,17,2025-06-25T14:43:37.392826742Z
1091,SI266220200309225433,3,185,497,13928.316,126,273,13791.609,160,344,13479.777,153,321,13321.443,185,498,13202.195,22,2025-06-25T14:43:37.475804321Z
1107,SI266220200309225433,3,127,272,14277.5,126,272,13963.543,101,348,13500.676,101,349,13066.59,94,374,12923.973,48,2025-06-25T14:43:37.528088635Z
1123,SI266220200309225433,3,93,450,13849.777,126,273,13766.879,101,348,13367.5625,109,322,13286.402,126,274,13086.332,22,2025-06-25T14:43:37.582534105Z
1139,SI266220200309225433,3,102,387,14648.383,107,387,14139.873,112,387,14133.953,101,387,13557.668,126,387,13164.635,56,2025-06-25T14:43:37.641346522Z
1155,SI266220200309225433,3,125,282,13638.074,136,276,13044.277,125,281,12775.289,94,456,11926.242,125,283,11858.863,69,2025-06-25T14:43:37.700427149Z
1171,SI266220200309225433,3,169,380,16277.922,169,381,14261.408,169,379,14148.326,125,281,13985.945,126,288,13919.504,28,2025-06-25T14:43:37.775515296Z
1187,SI266220200309225433,3,125,277,16868.469,185,454,16665.744,185,455,16195.471,152,320,16036.41,161,345,15341.471,57,2025-06-25T14:43:37.835296356Z
1203,SI266220200309225433,3,110,320,15234.598,105,343,13878.918,102,344,13874.66,101,344,13846.332,94,384,13285.105,45,2025-06-25T14:43:37.899337104Z
1219,SI266220200309225433,3,125,287,13873.852,124,281,13793.596,110,321,13732.449,125,286,13610.176,125,288,13479.848,44,2025-06-25T14:43:37.955515304Z
1235,SI266220200309225433,3,125,286,14376.883,125,282,14220.602,125,285,13934.711,125,281,13692.828,125,283,13285.406,72,2025-06-25T14:43:38.007820550Z
1251,SI266220200309225433,3,167,386,12557.703,166,386,12496.516,165,386,11681.043,168,385,11480.592,135,385,11260.129,29,2025-06-25T14:43:38.077730263Z
1267,SI266220200309225433,3,160,343,16626.57,160,344,16042.016,161,344,15898.533,185,483,15054.953,161,345,14750.127,57,2025-06-25T14:43:38.136803749Z
1283,SI266220200309225433,3,126,272,16039.977,94,373,14239.047,136,272,14218.623,94,372,14206.465,93,377,14028.871,19,2025-06-25T14:43:38.195910561Z
1299,SI266220200309225433,3,117,305,16914.86,93,474,15316.695,136,288,15072.988,161,387,14954.516,162,387,14606.645,25,2025-06-25T14:43:38.277336349Z
1310,SI266220200309225433,14,0,0,0,0,0,0,0,0,0,0,0,0,0,0,0,23,2025-06-25T14:43:38.326310843Z
1315,SI266220200309225433,3,100,387,14461.309,125,278,14391.406,125,279,14343.137,101,387,14120.117,125,280,14082.344,51,2025-06-25T14:43:38.336218211Z
1331,SI266220200309225433,3,125,276,13065.949,125,277,12963.383,125,278,12628.66,120,386,11821.758,127,271,11404.248,18,2025-06-25T14:43:38.388320367Z
1347,SI266220200309225433,3,127,272,14998.727,132,271,14901.551,95,452,13824.402,126,273,13572.738,131,271,13506.832,43,2025-06-25T14:43:38.460799348Z
1363,SI266220200309225433,3,131,271,14981.781,132,271,14047.074,101,350,13492.211,144,296,13229.875,136,272,13177.756,63,2025-06-25T14:43:38.512706460Z
1379,SI266220200309225433,3,125,276,13579.676,125,275,13095.801,109,326,12782.914,153,337,12654.641,125,274,12559.43,24,2025-06-25T14:43:38.582312996Z
1395,SI266220200309225433,3,123,386,14749.383,122,386,14447.137,121,386,13662.586,127,387,13638.309,95,386,13249.699,54,2025-06-25T14:43:38.640555822Z
1411,SI266220200309225433,3,156,469,14033.443,167,480,13751.01,157,470,13321.34,168,480,12714.143,168,481,12642.619,69,2025-06-25T14:43:38.698340225Z
1427,SI266220200309225433,3,160,363,15548.844,101,449,14303.162,100,449,13826.828,168,384,13365.539,168,385,13209.945,43,2025-06-25T14:43:38.762353604Z
1443,SI266220200309225433,3,93,375,16471.684,94,368,16204.059,93,374,16172.021,93,384,15897.279,93,382,15566.848,64,2025-06-25T14:43:38.820731759Z
1459,SI266220200309225433,3,124,281,14372.861,124,282,14345.734,125,288,14323.223,124,280,14248.244,124,279,14001.465,13,2025-06-25T14:43:38.891194012Z
1475,SI266220200309225433,3,93,470,15092.766,116,304,13335.9375,93,469,13301.621,117,309,13218.41,94,460,13062.816,50,2025-06-25T14:43:38.948096888Z
1491,SI266220200309225433,3,117,472,14242.5,118,474,13723.8125,121,488,13117.943,119,302,12960.133,119,303,12937.418,58,2025-06-25T14:43:39.001583396Z
1507,SI266220200309225433,3,94,477,11087.086,168,373,11057.453,94,485,11026.234,145,385,10789.508,95,497,10611.871,43,2025-06-25T14:43:39.062530184Z
1523,SI266220200309225433,3,185,498,18150.922,185,497,17802.7,185,485,15940.984,185,486,15737.645,185,490,15692.16,21,2025-06-25T14:43:39.127713041Z
1539,SI266220200309225433,3,142,296,13777.754,137,283,13375.311,125,274,13076.611,126,272,12999.725,127,272,12986.826,47,2025-06-25T14:43:39.157389814Z
1555,SI266220200309225433,3,109,327,14122.34,109,326,13806.586,109,328,13798.918,93,450,13539.391,93,451,13413.623,65,2025-06-25T14:43:39.226542716Z
1571,SI266220200309225433,3,185,450,14528.646,132,386,14075.891,131,386,14056.711,112,386,13865.461,178,449,13818.539,18,2025-06-25T14:43:39.294480584Z
1587,SI266220200309225433,3,146,386,13144.227,147,386,12753.324,134,272,12175.594,130,271,12155.822,125,279,12082.078,50,2025-06-25T14:43:39.353762606Z
1603,SI266220200309225433,3,95,450,15498.666,94,450,15037.271,94,451,14038.35,96,450,13852.906,167,372,13438.574,63,2025-06-25T14:43:39.417559514Z
1619,SI266220200309225433,3,185,452,16321.602,176,449,15874.547,184,451,15255.916,185,453,15024.986,175,449,14355.539,22,2025-06-25T14:43:39.483445765Z
1635,SI266220200309225433,3,109,328,13553.215,110,328,12988.297,109,327,12556.832,120,296,12538.105,117,297,12489.125,61,2025-06-25T14:43:39.544833422Z
1651,SI266220200309225433,3,125,283,13713.664,101,349,13372.766,101,350,12788.199,125,282,12515.102,144,386,12412.523,61,2025-06-25T14:43:39.608473841Z
1667,SI266220200309225433,3,125,282,13467.73,125,283,13185.449,171,481,12251.5625,120,272,11822.513,119,272,11256.762,35,2025-06-25T14:43:39.671151024Z
1683,SI266220200309225433,3,163,387,13849.922,94,453,13478.211,95,451,13361.945,94,452,13069.0,164,387,12776.289,43,2025-06-25T14:43:39.759263801Z
1699,SI266220200309225433,3,152,320,16788.592,151,320,16779.656,159,343,16146.1875,152,326,15755.047,153,326,15753.352,59,2025-06-25T14:43:39.814845242Z
1715,SI266220200309225433,3,118,315,14105.363,126,272,13916.5,126,450,13652.875,125,291,13393.637,118,314,13332.992,27,2025-06-25T14:43:39.881328778Z
1731,SI266220200309225433,3,93,484,15109.383,93,465,14782.8125,93,483,14528.898,93,474,14287.949,109,329,14041.566,52,2025-06-25T14:43:39.953230520Z
1747,SI266220200309225433,3,106,479,13862.432,104,387,13346.379,103,387,13248.004,102,387,13246.547,105,387,13063.359,49,2025-06-25T14:43:40.022549670Z
1763,SI266220200309225433,3,127,272,14343.0625,128,272,14025.43,126,273,12996.676,128,271,12334.383,126,272,12193.855,28,2025-06-25T14:43:40.080581099Z
1779,SI266220200309225433,3,185,498,16031.043,185,497,15171.637,185,493,14350.539,94,368,13526.725,185,494,13449.273,24,2025-06-25T14:43:40.176704949Z
1795,SI266220200309225433,3,136,272,14109.914,94,369,13740.441,137,275,13678.559,142,296,13391.1875,150,320,13251.168,80,2025-06-25T14:43:40.209979749Z
1811,SI266220200309225433,3,92,454,14568.461,93,450,13270.721,101,345,12537.402,94,451,12372.781,93,451,12263.404,17,2025-06-25T14:43:40.295011126Z
1827,SI266220200309225433,3,132,387,13394.957,115,386,13038.375,131,387,13033.973,137,387,12967.758,120,386,12817.148,45,2025-06-25T14:43:40.363464277Z
1843,SI266220200309225433,3,161,491,15498.627,136,273,15278.58,155,486,14827.096,162,492,14722.275,160,490,13975.818,52,2025-06-25T14:43:40.436269086Z
1859,SI266220200309225433,3,169,383,13488.973,169,384,13042.49,169,385,12844.236,185,478,12634.033,169,369,11745.805,19,2025-06-25T14:43:40.493253444Z
1875,SI266220200309225433,3,93,383,15069.902,93,384,14905.574,160,345,14856.273,161,346,14847.896,160,344,14775.9375,47,2025-06-25T14:43:40.550342959Z
1891,SI266220200309225433,3,124,278,13944.705,102,344,13728.109,124,279,13702.959,119,296,13597.445,124,286,13437.539,61,2025-06-25T14:43:40.606816264Z
1907,SI266220200309225433,3,127,273,14065.516,125,286,13826.539,93,497,13465.926,93,496,13221.8125,126,272,13127.596,32,2025-06-25T14:43:40.672983941Z
1923,SI266220200309225433,3,125,277,13857.594,125,274,13166.273,125,278,12843.293,125,282,12664.781,125,283,12508.871,47,2025-06-25T14:43:40.736273406Z
1939,SI266220200309225433,3,106,493,13290.6875,166,386,13097.453,168,384,12644.594,153,329,12262.314,165,387,11719.457,23,2025-06-25T14:43:40.783909553Z
1955,SI266220200309225433,3,153,322,15705.266,185,485,15576.121,152,328,15548.453,152,329,15298.043,184,474,14983.168,24,2025-06-25T14:43:40.858351686Z
1971,SI266220200309225433,3,126,272,14655.131,136,272,14332.684,125,274,12973.729,127,272,12762.473,137,283,12749.906,33,2025-06-25T14:43:40.911262411Z
1987,SI266220200309225433,3,117,307,15236.582,163,361,14936.176,125,275,14842.211,166,388,14823.623,163,388,14206.285,45,2025-06-25T14:43:40.951801622Z
2003,SI266220200309225433,3,114,387,14218.289,104,387,13637.191,103,387,13611.582,120,386,13095.492,102,387,13033.4375,56,2025-06-25T14:43:41.002857211Z
2019,SI266220200309225433,3,125,277,16178.539,125,278,14453.23,125,276,14429.977,133,272,12625.363,160,344,12151.078,42,2025-06-25T14:43:41.065061339Z
2035,SI266220200309225433,3,185,499,17828.219,185,498,17587.47,186,498,16241.824,185,497,15047.195,136,281,13521.762,60,2025-06-25T14:43:41.116955977Z
2051,SI266220200309225433,3,109,329,13806.07,101,348,13633.195,144,296,13604.654,101,347,13570.535,109,328,13528.395,32,2025-06-25T14:43:41.175054256Z
2067,SI266220200309225433,3,93,450,13208.348,125,274,13106.324,125,275,12506.633,126,274,12143.953,126,275,12048.574,48,2025-06-25T14:43:41.257679878Z
2083,SI266220200309225433,3,121,386,15879.359,122,386,14969.637,120,386,14821.172,113,386,13502.168,112,386,13072.414,64,2025-06-25T14:43:41.312489481Z
2099,SI266220200309225433,3,136,272,15355.711,153,484,15317.34,136,273,14448.02,135,272,13694.719,153,483,13149.361,28,2025-06-25T14:43:41.377281708Z
2115,SI266220200309225433,3,168,385,13909.715,96,450,13520.402,169,383,13413.34,95,452,12502.465,141,498,12451.191,50,2025-06-25T14:43:41.451701664Z
2131,SI266220200309225433,3,153,450,20176.943,145,450,19200.273,154,450,18277.033,152,450,17209.953,144,450,17106.422,50,2025-06-25T14:43:41.505952037Z
2147,SI266220200309225433,3,124,278,14355.76,125,289,13644.977,118,312,13381.383,123,294,13160.949,124,280,13063.512,28,2025-06-25T14:43:41.577805688Z
2163,SI266220200309225433,3,166,386,14374.793,166,387,14029.852,93,464,13718.676,93,465,13656.527,158,387,13523.676,39,2025-06-25T14:43:41.650261320Z
2179,SI266220200309225433,3,157,386,11882.652,158,386,11390.742,137,365,11378.145,126,272,11195.219,125,280,10936.246,18,2025-06-25T14:43:41.687148699Z
2195,SI266220200309225433,3,94,450,11890.781,160,344,10768.42,94,449,10694.504,136,272,10537.586,95,487,9934.566,43,2025-06-25T14:43:41.763505023Z
2211,SI266220200309225433,3,185,498,17154.812,160,344,16135.518,185,497,15978.598,185,493,15269.945,161,351,14814.898,28,2025-06-25T14:43:41.813640876Z
2227,SI266220200309225433,3,126,272,16069.756,148,450,14728.719,150,450,14710.441,149,450,14649.789,95,368,14334.133,61,2025-06-25T14:43:41.847386044Z
2243,SI266220200309225433,3,94,451,14409.09,101,343,13950.715,109,331,13900.805,117,307,13835.73,93,461,13807.945,71,2025-06-25T14:43:41.913366959Z
2259,SI266220200309225433,3,185,451,15637.9375,185,452,15062.43,184,451,13929.523,183,450,13237.328,184,450,13108.996,21,2025-06-25T14:43:41.989254476Z
2275,SI266220200309225433,3,143,386,12611.793,130,271,12288.697,142,386,11912.543,125,279,11900.539,131,271,11854.699,62,2025-06-25T14:43:42.042365711Z
2291,SI266220200309225433,3,126,275,13908.922,127,273,13718.742,126,274,13190.734,127,285,12929.6875,168,385,12616.383,61,2025-06-25T14:43:42.114633954Z
2307,SI266220200309225433,3,185,452,15693.256,167,450,15277.898,162,450,14897.633,168,450,14891.535,185,453,14691.561,27,2025-06-25T14:43:42.179190378Z
2323,SI266220200309225433,3,118,297,13254.461,117,299,13143.594,118,300,12958.855,118,298,12949.59,126,272,12937.244,49,2025-06-25T14:43:42.243978713Z
2339,SI266220200309225433,3,126,288,13781.758,126,289,13596.676,155,386,12985.145,154,386,12420.824,126,287,12393.598,13,2025-06-25T14:43:42.296802885Z
2355,SI266220200309225433,3,125,282,14821.848,125,280,14116.629,125,283,13713.309,125,279,13608.516,125,281,13537.684,43,2025-06-25T14:43:42.365120709Z
2371,SI266220200309225433,3,96,451,12940.934,128,273,12921.121,169,380,12893.715,152,320,12771.309,97,451,12631.582,69,2025-06-25T14:43:42.419055965Z
2387,SI266220200309225433,3,152,321,16352.145,184,470,16281.617,151,320,15343.398,93,378,15340.025,184,471,15270.309,17,2025-06-25T14:43:42.490398174Z
2403,SI266220200309225433,3,166,466,23342.232,166,465,21988.91,166,462,21491.5,165,465,21485.973,166,461,20624.934,31,2025-06-25T14:43:42.579427848Z
2419,SI266220200309225433,3,109,454,19479.17,109,456,17589.365,159,387,17457.5,110,451,16918.285,166,387,16788.852,63,2025-06-25T14:43:42.634962060Z
2435,SI266220200309225433,3,137,284,12552.09,137,280,12481.098,125,283,12362.0625,137,283,12295.457,112,387,12265.234,21,2025-06-25T14:43:42.694694066Z
2451,SI266220200309225433,3,127,282,10849.891,135,285,10821.375,168,370,10778.73,153,386,10736.719,127,281,10657.633,26,2025-06-25T14:43:42.781095927Z
2467,SI266220200309225433,3,160,345,13786.172,153,321,13298.615,126,273,13220.059,159,344,13217.996,126,274,12923.863,25,2025-06-25T14:43:42.848998509Z
2483,SI266220200309225433,3,101,347,16124.543,101,348,15610.445,101,346,15163.793,104,343,14720.629,149,450,14664.645,13,2025-06-25T14:43:42.900968508Z
2499,SI266220200309225433,3,117,453,14432.328,125,277,14285.0625,125,278,14281.0,117,310,13994.637,109,321,13914.355,58,2025-06-25T14:43:42.948729736Z
2515,SI266220200309225433,3,109,387,13576.994,103,387,13219.941,104,387,13204.082,140,385,13062.414,100,387,12901.5,34,2025-06-25T14:43:43.013512022Z
2531,SI266220200309225433,3,118,457,13750.891,138,386,12588.461,136,273,12468.098,118,456,12382.555,127,272,12279.988,62,2025-06-25T14:43:43.046286657Z
2547,SI266220200309225433,3,126,274,15418.863,123,449,15043.1875,122,449,14824.422,118,450,14651.596,169,376,14432.809,34,2025-06-25T14:43:43.111240629Z
2563,SI266220200309225433,3,150,449,15380.652,151,449,15199.389,131,271,15109.457,136,450,15019.609,135,272,15007.82,42,2025-06-25T14:43:43.166547062Z
2579,SI266220200309225433,3,94,378,13612.789,135,450,13532.684,94,377,13342.738,130,271,13127.734,117,305,13084.6875,58,2025-06-25T14:43:43.231761318Z
2595,SI266220200309225433,3,119,296,14570.094,117,305,14287.48,125,286,14239.648,125,290,14191.402,173,441,13692.691,14,2025-06-25T14:43:43.296976319Z
2611,SI266220200309225433,3,168,384,14235.3125,125,276,13691.838,120,307,13189.66,125,283,12913.758,125,282,12460.016,39,2025-06-25T14:43:43.346473704Z
2627,SI266220200309225433,3,135,386,13180.352,136,386,12290.266,134,386,12153.383,160,344,12018.459,167,386,11919.1875,19,2025-06-25T14:43:43.391335951Z
2643,SI266220200309225433,3,160,479,16241.945,160,480,16196.504,160,345,15442.832,161,351,14973.355,161,498,14946.207,15,2025-06-25T14:43:43.445619261Z
2659,SI266220200309225433,3,141,450,15928.117,142,450,15318.32,137,450,15052.703,137,286,14840.508,140,450,14637.898,17,2025-06-25T14:43:43.490881378Z
2675,SI266220200309225433,3,168,386,16503.578,109,322,15619.605,167,386,14870.621,153,451,13897.25,160,387,13673.738,29,2025-06-25T14:43:43.529953975Z
2691,SI266220200309225433,3,119,498,16331.078,104,387,15137.98,119,497,14933.867,105,387,14060.512,103,387,13682.617,12,2025-06-25T14:43:43.593648982Z
2707,SI266220200309225433,3,128,271,14254.539,125,277,14111.355,126,273,13836.879,127,272,13822.609,125,278,13070.043,51,2025-06-25T14:43:43.618582646Z
2723,SI266220200309225433,3,168,372,14238.035,168,373,14052.637,126,282,14049.25,94,368,13615.686,169,377,13451.176,24,2025-06-25T14:43:43.671385848Z
2739,SI266220200309225433,3,94,370,14317.887,95,369,14211.102,151,450,14066.172,94,369,13756.453,152,450,13690.02,33,2025-06-25T14:43:43.694490916Z
2755,SI266220200309225433,3,123,449,12242.168,126,274,12111.699,101,348,12042.129,101,347,12020.582,125,449,11678.797,52,2025-06-25T14:43:43.743499558Z
2771,SI266220200309225433,3,121,452,14252.277,118,497,12406.605,118,458,12317.816,127,451,12264.559,161,386,12226.445,18,2025-06-25T14:43:43.801162218Z
2787,SI266220200309225433,3,135,271,14282.506,136,272,13814.395,135,272,13296.77,118,459,13048.094,137,277,12513.332,50,2025-06-25T14:43:43.858666717Z
2803,SI266220200309225433,3,119,451,13604.68,127,272,13486.363,118,452,13306.246,136,282,13289.941,125,450,13264.02,14,2025-06-25T14:43:43.914956624Z
2819,SI266220200309225433,3,161,345,17074.738,161,344,16870.502,160,345,16720.617,93,386,16589.373,93,385,16232.061,46,2025-06-25T14:43:43.955202841Z
2835,SI266220200309225433,3,125,289,15537.574,119,296,13792.5,124,281,13718.594,117,298,13631.262,124,280,13625.652,55,2025-06-25T14:43:44.005799864Z
2851,SI266220200309225433,3,127,272,14835.246,125,275,14697.5,126,272,14631.418,125,290,14589.102,125,274,14067.484,37,2025-06-25T14:43:44.068137404Z
2867,SI266220200309225433,3,125,274,14632.168,125,273,13368.711,125,291,12994.684,125,290,12629.293,125,287,12540.199,58,2025-06-25T14:43:44.112066420Z
2883,SI266220200309225433,3,161,497,12070.93,142,449,12068.697,160,344,11515.469,141,449,11047.195,159,450,10632.703,44,2025-06-25T14:43:44.167847850Z
2899,SI266220200309225433,3,161,490,16371.629,154,449,15469.459,155,449,14941.115,153,449,14824.514,161,349,14774.145,24,2025-06-25T14:43:44.227683747Z
2915,SI266220200309225433,3,146,450,17324.316,145,450,15245.781,147,450,15244.121,137,286,15074.297,137,285,13852.262,51,2025-06-25T14:43:44.250465226Z
2931,SI266220200309225433,3,117,469,14916.773,100,348,14265.43,100,346,14207.643,117,452,14073.719,117,305,13995.23,64,2025-06-25T14:43:44.301046126Z
2947,SI266220200309225433,3,99,387,16037.203,100,387,15079.605,161,450,14455.648,160,450,14402.873,108,387,14159.227,52,2025-06-25T14:43:44.361130900Z
2963,SI266220200309225433,3,118,460,15568.605,118,461,13787.574,118,459,13771.652,127,272,13340.977,125,277,12624.234,60,2025-06-25T14:43:44.419330340Z
2979,SI266220200309225433,3,127,272,13909.551,128,272,13725.754,126,273,13503.34,168,374,13108.656,134,272,13087.871,22,2025-06-25T14:43:44.490947938Z
2995,SI266220200309225433,3,105,384,29467.281,106,384,26544.883,133,370,26049.191,131,383,25259.043,131,382,25180.25,25,2025-06-25T14:43:44.540744831Z
3011,SI266220200309225433,3,133,372,19587.672,130,376,19259.887,125,497,17771.133,152,498,17653.541,118,384,17246.555,16,2025-06-25T14:43:44.592731303Z
3027,SI266220200309225433,3,130,459,13525.523,129,459,12173.746,129,458,12032.09,129,464,11923.367,130,467,11703.258,15,2025-06-25T14:43:44.645603668Z
3043,SI266220200309225433,3,131,465,11824.0625,131,455,11051.602,130,459,9769.016,131,456,9459.402,131,466,9403.176,28,2025-06-25T14:43:44.667951027Z
3059,SI266220200309225433,3,130,460,11838.695,131,456,11556.652,130,461,11127.656,130,459,11007.969,129,460,10997.008,27,2025-06-25T14:43:44.682829612Z
3075,SI266220200309225433,3,130,460,11923.516,131,452,11770.965,131,451,11464.91,130,461,11169.34,130,459,11162.25,15,2025-06-25T14:43:44.724511858Z
3091,SI266220200309225433,3,129,498,12095.285,129,497,11994.16,136,450,11045.359,129,496,10804.254,137,450,10753.82,37,2025-06-25T14:43:44.740672163Z
3107,SI266220200309225433,3,129,497,13966.145,129,496,13166.691,129,495,12894.137,129,498,12846.5,129,494,11465.652,24,2025-06-25T14:43:44.785713699Z
3123,SI266220200309225433,3,148,452,12342.203,153,450,11744.12,148,451,11511.469,130,460,11365.738,130,459,10691.645,44,2025-06-25T14:43:44.821957357Z
3139,SI266220200309225433,3,151,449,14014.566,151,450,13721.987,150,450,12479.133,133,497,11894.945,133,498,11876.738,22,2025-06-25T14:43:44.864646859Z
3155,SI266220200309225433,3,131,451,13516.262,132,451,12318.102,130,457,12246.285,130,453,12073.52,130,454,11852.586,27,2025-06-25T14:43:44.885837998Z
3171,SI266220200309225433,3,136,450,13309.477,137,450,12830.27,129,493,12608.076,129,492,12562.725,138,450,12273.883,40,2025-06-25T14:43:44.897191632Z
3187,SI266220200309225433,3,129,454,14937.012,129,466,13132.91,129,453,12805.209,129,465,12575.379,129,455,12500.508,55,2025-06-25T14:43:44.929951202Z
3203,SI266220200309225433,3,130,464,13871.945,133,451,12832.465,130,457,12328.238,130,465,12231.715,134,451,11733.664,11,2025-06-25T14:43:44.986826097Z
3219,SI266220200309225433,3,130,458,17481.535,130,457,16968.34,130,464,14264.445,130,463,14061.227,130,456,13140.113,13,2025-06-25T14:43:45.014711321Z
3235,SI266220200309225433,3,137,450,12249.359,138,451,12247.246,131,452,12121.969,139,451,12095.566,130,459,11852.781,23,2025-06-25T14:43:45.029176992Z
3251,SI266220200309225433,3,148,474,13599.402,148,475,13416.449,148,453,13331.961,148,454,12808.66,144,450,12667.285,50,2025-06-25T14:43:45.053674726Z
3267,SI266220200309225433,3,129,498,15049.324,129,497,14585.8125,136,450,13402.0,129,479,13348.059,135,450,13110.898,22,2025-06-25T14:43:45.101876160Z
3283,SI266220200309225433,3,129,498,13789.793,129,499,13623.082,130,458,12361.148,130,459,11810.98,130,490,11690.93,49,2025-06-25T14:43:45.141905447Z
3299,SI266220200309225433,3,130,461,12608.402,130,467,12099.855,130,466,12052.379,130,499,12012.492,130,460,12010.891,20,2025-06-25T14:43:45.189700751Z
3315,SI266220200309225433,3,130,464,13257.883,130,463,13011.043,139,450,12556.469,130,498,12100.496,130,462,11859.531,22,2025-06-25T14:43:45.228988099Z
3331,SI266220200309225433,3,130,452,13035.09,130,451,12280.369,130,498,12156.809,130,453,12120.102,130,497,12030.715,27,2025-06-25T14:43:45.252001624Z
3347,SI266220200309225433,3,133,450,11268.668,132,450,11156.914,135,450,11019.328,131,451,10804.883,129,494,10797.035,11,2025-06-25T14:43:45.281555574Z
3363,SI266220200309225433,3,130,456,11649.719,130,457,11470.637,130,498,11381.32,130,462,11300.957,129,497,11169.418,58,2025-06-25T14:43:45.314438097Z
3379,SI266220200309225433,3,130,498,14308.191,130,497,13864.77,130,459,13214.281,130,458,13043.762,130,460,12385.766,20,2025-06-25T14:43:45.371959711Z
3395,SI266220200309225433,3,127,465,13713.461,130,459,13254.82,126,465,13090.971,148,499,12634.137,148,497,12347.25,26,2025-06-25T14:43:45.384554502Z
3411,SI266220200309225433,3,130,458,13335.098,130,457,13115.508,149,461,12975.191,130,459,12721.141,130,456,12363.0,12,2025-06-25T14:43:45.421648959Z
3427,SI266220200309225433,3,149,456,12980.906,129,498,12895.607,149,455,12429.914,139,450,11823.52,129,497,11527.17,26,2025-06-25T14:43:45.432402073Z
3443,SI266220200309225433,3,129,470,14131.988,129,471,13260.414,129,477,12956.879,129,469,12929.887,129,476,12813.16,49,2025-06-25T14:43:45.461337681Z
3459,SI266220200309225433,3,128,498,13713.699,128,497,13283.266,130,465,13120.703,129,481,12892.754,129,482,12497.387,32,2025-06-25T14:43:45.517162660Z
3475,SI266220200309225433,3,131,491,13229.008,131,492,12492.82,131,478,12264.777,130,466,12230.5625,130,459,11897.875,28,2025-06-25T14:43:45.551780341Z
3491,SI266220200309225433,3,131,498,17114.98,130,498,15042.398,130,497,14517.969,131,497,13723.09,131,499,13545.5,32,2025-06-25T14:43:45.577801981Z
3507,SI266220200309225433,3,130,470,10862.645,130,469,10789.008,149,453,10381.355,129,451,10078.695,130,471,10062.215,18,2025-06-25T14:43:45.614580071Z
3523,SI266220200309225433,3,129,495,14104.816,137,450,12657.27,136,449,11650.557,129,494,11338.961,138,450,11249.055,32,2025-06-25T14:43:45.624902526Z
3539,SI266220200309225433,3,129,497,14489.355,129,496,13895.285,129,498,13653.98,129,494,13563.254,129,467,13298.637,57,2025-06-25T14:43:45.652686373Z
3555,SI266220200309225433,3,148,465,12273.066,130,462,12129.766,147,451,11815.512,148,466,11806.539,146,450,11770.848,38,2025-06-25T14:43:45.709862706Z
3571,SI266220200309225433,3,130,461,13248.145,130,460,12963.113,130,462,12765.469,148,469,12552.289,147,460,12468.98,24,2025-06-25T14:43:45.749229796Z
3587,SI266220200309225433,3,130,460,12087.105,149,470,12029.293,130,461,11996.113,130,459,11842.844,131,451,11811.211,12,2025-06-25T14:43:45.773019648Z
